(62.42327600000135, 1453, 48701.0, 3500, 2300, 112),
(62.61794300000474, 1457, 26572.0, 3500, 2300, 116),
(62.67904499999713, 1458, 22657.0, 3500, 2300, 117),
(62.780990999992355, 1460, 48705.0, 3500, 2300, 119),
(62.851676999998745, 1461, 28859.0, 3500, 2300, 120),
(62.910977999999886, 1462, 52616.0, 3500, 2300, 121),
(63.05194799999299, 1464, 882407.5, 3500, 2300, 123),
(63.19599300000118, 1465, 997945.25, 3500, 2300, 124),
(63.19599300000118, 1465, 22651.0, 3500, 2300, 124),
(70.8722689999995, 1468, 52621.0, 3500, 2300, 127),
(70.93360599999141, 1469, 149803.0, 3500, 2300, 128),
(70.99616300000343, 1470, 277.0, 3500, 2300, 129),
(71.05722099999548, 1471, 23965.0, 3500, 2300, 130),
(71.19527599999856, 1474, 26910.0, 3500, 2300, 133),
(71.25756299999193, 1475, 24043.0, 3500, 2300, 134),
(71.31515399999626, 1476, 278208.25, 3500, 2300, 135),
(71.38164099999995, 1477, 380759.75, 3500, 2300, 136),
(71.38164099999995, 1477, 854182.25, 3500, 2300, 136),
(79.00473499999498, 1478, 976870.25, 3500, 2300, 137),
(79.00473499999498, 1478, 24019.0, 3500, 2300, 137),
(86.54175799999211, 1479, 24353.0, 3500, 2300, 138),
(86.60310700000264, 1480, 838176.5, 3500, 2300, 139),
(86.74767699999211, 1481, 958373.25, 3500, 2300, 140),
(94.325496999998, 1482, 24024.0, 3500, 2300, 141),
(94.38197999999102, 1483, 23709.0, 3500, 2300, 142),
(94.43906499999866, 1484, 23715.0, 3500, 2300, 143),
(94.55786200000148, 1486, 975092.75, 3500, 2300, 145),
(94.7155519999942, 1487, 1092003.0, 3500, 2300, 146),
(94.7155519999942, 1487, 861888.25, 3500, 2300, 146),
(102.34572699999262, 1488, 976765.5, 3500, 2300, 147),
(102.34572699999262, 1488, 851796.25, 3500, 2300, 147),
(110.01128700000118, 1489, 959658.0, 3500, 2300, 148),
(117.57944800000405, 1491, 307089.0, 3500, 2300, 150),
(117.64927999999782, 1492, 447744.25, 3500, 2300, 151),
(125.14579799999774, 1493, 363769.75, 3500, 2300, 152),
(125.22648299999128, 1494, 491965.5, 3500, 2300, 113),
(132.73507700000482, 1495, 51617.0, 3500, 2300, 114),
(132.7994219999964, 1496, 52628.0, 3500, 2300, 115),
(132.86100499999884, 1497, 26568.0, 3500, 2300, 116),
(132.92109200000414, 1498, 26572.0, 3500, 2300, 117),
(133.02089699999487, 1500, 26569.0, 3500, 2300, 119),
(133.08782699999574, 1501, 920942.75, 3500, 2300, 120),
(133.24404700000014, 1502, 1121323.5, 3500, 2300, 121),
(140.7806350000028, 1503, 52615.0, 3500, 2300, 122),
(140.84732000000076, 1504, 52618.0, 3500, 2300, 123),
(140.9122939999943, 1505, 910374.5, 3500, 2300, 124),
(141.0654680000007, 1506, 1028359.5, 3500, 2300, 125),
(141.0654680000007, 1506, 316013.0, 3500, 2300, 125),
(148.66674200000125, 1507, 442274.75, 3500, 2300, 126),
(156.25234399999317, 1508, 318397.25, 3500, 2300, 127),
(156.3346210000018, 1509, 502850.25, 3500, 2300, 128),
(164.01254399999743, 1510, 272850.5, 3500, 2300, 129),
(164.07662599999458, 1511, 389106.0, 3500, 2300, 130),
(171.86513199999172, 1513, 258105.75, 3500, 2300, 132),
(171.92358999999124, 1514, 366505.25, 3500, 2300, 133),
(179.63653499999782, 1515, 933567.25, 3500, 2300, 134),
(179.8023979999998, 1516, 1041471.0, 3500, 2300, 135),
(179.8023979999998, 1516, 1022333.5, 3500, 2300, 135),
(187.46513399999822, 1517, 1265784.5, 3500, 2300, 136),
(187.46513399999822, 1517, 24046.0, 3500, 2300, 136),
(195.27262200000405, 1520, 881944.25, 3500, 2300, 139),
(195.42568299999402, 1521, 1047632.0, 3500, 2300, 140),
(203.08919199999946, 1522, 880217.0, 3500, 2300, 141),
(203.23460799999884, 1523, 1009890.0, 3500, 2300, 142),
(203.23460799999884, 1523, 23757.0, 3500, 2300, 142),
(210.8668869999965, 1524, 23709.0, 3500, 2300, 143),
(211.05066700000316, 1527, 23707.0, 3500, 2300, 146),
(211.15181799999846, 1529, 16856.0, 3500, 2300, 148),
(211.21364699999685, 1530, 889319.25, 3500, 2300, 149),
(211.36375899999985, 1531, 989754.75, 3500, 2300, 150),
(219.06647099999827, 1533, 252430.0, 3500, 2300, 152),
(226.67532100000244, 1535, 52615.0, 3500, 2300, 114),
(226.74573300000338, 1536, 26569.0, 3500, 2300, 115),
(226.80796599999303, 1537, 28857.0, 3500, 2300, 116),
(226.87226999999257, 1538, 48715.0, 3500, 2300, 117),
(227.03304500000377, 1541, 22677.0, 3500, 2300, 120),
(227.1078359999956, 1542, 22672.0, 3500, 2300, 121),
(227.18116900000314, 1543, 841548.5, 3500, 2300, 122),
(227.3273249999911, 1544, 992476.0, 3500, 2300, 123),
(227.3273249999911, 1544, 52618.0, 3500, 2300, 123),
(235.06693400000222, 1546, 22654.0, 3500, 2300, 125),
(235.13428399999975, 1547, 52617.0, 3500, 2300, 126),
(235.2658220000012, 1549, 28632.0, 3500, 2300, 128),
(235.33867800000007, 1550, 0.0, 3500, 2300, 129),
(243.8047249999945, 1553, 898174.25, 3500, 2300, 132),
(243.95532500000263, 1554, 1033231.25, 3500, 2300, 133),
(251.75470199999108, 1558, 52429.0, 3500, 2300, 137),
(251.81834399999934, 1559, 950657.0, 3500, 2300, 138),
(251.98181899999327, 1560, 1087518.75, 3500, 2300, 139),
(251.98181899999327, 1560, 19803.0, 3500, 2300, 139),
(259.6378960000002, 1561, 28640.0, 3500, 2300, 140),
(259.6976929999946, 1562, 0.0, 3500, 2300, 141),
(267.9322979999997, 1564, 866363.75, 3500, 2300, 143),
(268.0828630000033, 1565, 975138.0, 3500, 2300, 144),
(268.0828630000033, 1565, 914606.5, 3500, 2300, 144),
(275.8218970000016, 1566, 1095609.0, 3500, 2300, 145),
(275.8218970000016, 1566, 23740.0, 3500, 2300, 145),
(283.6055570000026, 1568, 319.0, 3500, 2300, 147),
(284.86402599999565, 1569, 846311.0, 3500, 2300, 148),
(285.0074170000007, 1570, 1036716.0, 3500, 2300, 149),
(285.0074170000007, 1570, 929817.25, 3500, 2300, 149),
(292.8229619999911, 1571, 1060772.75, 3500, 2300, 150),
(292.8229619999911, 1571, 24026.0, 3500, 2300, 150),
(300.46881700000085, 1572, 823647.25, 3500, 2300, 151),
(300.60906600000453, 1573, 957764.5, 3500, 2300, 152),
(363.06866699999955, 2784, 26562.0, 3900, 2400, 112),
(363.1406810000044, 2785, 26566.0, 3900, 2400, 113),
(363.2063519999938, 2786, 26562.0, 3900, 2400, 114),
(363.2716950000031, 2787, 26566.0, 3900, 2400, 115),
(363.38288599999214, 2789, 26566.0, 3900, 2400, 117),
(363.4890310000046, 2791, 26565.0, 3900, 2400, 119),
(363.5984880000033, 2793, 0.0, 3900, 2400, 121),
(371.84727899999416, 2795, 0.0, 3900, 2400, 123),
(380.1869699999952, 2797, 0.0, 3900, 2400, 125),
(388.42310099999304, 2799, 0.0, 3900, 2400, 127),
(396.7265780000016, 2801, 0.0, 3900, 2400, 129),
(405.1269650000031, 2803, 26565.0, 3900, 2400, 131),
(405.26258199999575, 2805, 26566.0, 3900, 2400, 133),
(405.37988100000075, 2807, 22405.0, 3900, 2400, 135),
(405.50106999999844, 2809, 22484.0, 3900, 2400, 137),
(405.61738300000434, 2811, 22405.0, 3900, 2400, 139),
(405.7246000000014, 2813, 22484.0, 3900, 2400, 141),
(405.82835599999817, 2815, 26314.0, 3900, 2400, 143),
(405.9330139999947, 2817, 26318.0, 3900, 2400, 145),
(406.0393719999993, 2819, 277.0, 3900, 2400, 147),
(406.0935590000008, 2820, 0.0, 3900, 2400, 148),
(414.3125389999914, 2821, 277.0, 3900, 2400, 149),
(414.3776150000049, 2822, 0.0, 3900, 2400, 150),
(422.6418129999947, 2823, 295084.25, 3900, 2400, 151),
(422.7078579999943, 2824, 429110.5, 3900, 2400, 152),
(422.7078579999943, 2824, 22435.0, 3900, 2400, 152),
(430.28245400000014, 2825, 26566.0, 3900, 2400, 113),
(430.36538799999107, 2826, 26562.0, 3900, 2400, 114),
(430.42847600000096, 2827, 26566.0, 3900, 2400, 115),
(430.5483799999929, 2829, 26566.0, 3900, 2400, 117),
(430.66150400000333, 2831, 26565.0, 3900, 2400, 119),
(430.7727159999922, 2833, 0.0, 3900, 2400, 121),
(439.0610549999983, 2835, 0.0, 3900, 2400, 123),
(447.2462899999955, 2836, 22730.0, 3900, 2400, 124),
(447.31274300000223, 2837, 26565.0, 3900, 2400, 125),
(447.428734000001, 2839, 0.0, 3900, 2400, 127),
(455.76358600000094, 2841, 0.0, 3900, 2400, 129),
(464.1046859999915, 2843, 26565.0, 3900, 2400, 131),
(464.2662779999955, 2845, 26566.0, 3900, 2400, 133),
(464.37817100000393, 2847, 22405.0, 3900, 2400, 135),
(464.481289000003, 2849, 22484.0, 3900, 2400, 137),
(464.5875490000035, 2851, 22405.0, 3900, 2400, 139),
(464.6896429999906, 2853, 22484.0, 3900, 2400, 141),
(464.7884170000034, 2855, 26314.0, 3900, 2400, 143),
(464.90875600000436, 2857, 26314.0, 3900, 2400, 145),
(465.00682199999574, 2859, 26317.0, 3900, 2400, 147),
(465.120809, 2861, 250571.25, 3900, 2400, 149),
(465.1782850000018, 2862, 340468.75, 3900, 2400, 150),
(465.1782850000018, 2862, 8832647.75, 3900, 2400, 150),
(474.0449579999986, 2863, 8942314.0, 3900, 2400, 151),
(474.0449579999986, 2863, 268137.75, 3900, 2400, 151),
(481.7252129999979, 2864, 426635.5, 3900, 2400, 152),
(481.7252129999979, 2864, 22435.0, 3900, 2400, 152),
(489.3249189999915, 2865, 26566.0, 3900, 2400, 113),
(489.3997859999945, 2866, 26562.0, 3900, 2400, 114),
(489.45941799999855, 2867, 26566.0, 3900, 2400, 115),
(489.5658189999958, 2869, 26566.0, 3900, 2400, 117),
(489.68040699999256, 2871, 26565.0, 3900, 2400, 119),
(489.79693899999256, 2873, 26565.0, 3900, 2400, 121),
(489.9104559999978, 2875, 0.0, 3900, 2400, 123),
(498.16045500000473, 2877, 0.0, 3900, 2400, 125),
(506.53233999999065, 2879, 0.0, 3900, 2400, 127),
(514.8474540000025, 2880, 22730.0, 3900, 2400, 128),
(514.9226469999994, 2881, 26565.0, 3900, 2400, 129),
(515.0320429999992, 2883, 26565.0, 3900, 2400, 131),
(515.188989000002, 2885, 26566.0, 3900, 2400, 133),
(515.3046170000016, 2887, 22423.0, 3900, 2400, 135),
(515.4137009999977, 2889, 22466.0, 3900, 2400, 137),
(515.5231559999957, 2891, 22423.0, 3900, 2400, 139),
(515.6303029999981, 2893, 22466.0, 3900, 2400, 141),
(515.7359739999956, 2895, 26314.0, 3900, 2400, 143),
(515.8406790000008, 2897, 26314.0, 3900, 2400, 145),
(515.9526769999939, 2899, 26317.0, 3900, 2400, 147),
(516.0574449999986, 2901, 229378.5, 3900, 2400, 149),
(516.1120740000042, 2902, 318666.0, 3900, 2400, 150),
(516.1120740000042, 2902, 8786889.75, 3900, 2400, 150),
(524.9393330000021, 2903, 8879007.75, 3900, 2400, 151),
(524.9393330000021, 2903, 330511.25, 3900, 2400, 151),
(532.6205130000017, 2904, 451856.5, 3900, 2400, 152),
(532.6205130000017, 2904, 22435.0, 3900, 2400, 152),
(540.2093389999936, 2905, 26563.0, 3900, 2800, 112),
(540.2772379999951, 2906, 26566.0, 3900, 2800, 113),
(540.3561400000035, 2907, 26563.0, 3900, 2800, 114),
(540.4112650000025, 2908, 26566.0, 3900, 2800, 115),
(540.5212920000049, 2910, 26566.0, 3900, 2800, 117),
(540.5832389999996, 2911, 26897.0, 3900, 2800, 118),
(540.6581040000019, 2912, 26566.0, 3900, 2800, 119),
(540.7470309999917, 2913, 22653.0, 3900, 2800, 120),
(540.8227699999989, 2914, 26565.0, 3900, 2800, 121),
(540.9403599999932, 2916, 26565.0, 3900, 2800, 123),
(541.0507070000021, 2918, 26566.0, 3900, 2800, 125),
(541.1550449999922, 2920, 26566.0, 3900, 2800, 127),
(541.2566910000023, 2922, 26565.0, 3900, 2800, 129),
(541.3796219999931, 2924, 26565.0, 3900, 2800, 131),
(541.510798999996, 2926, 26566.0, 3900, 2800, 133),
(541.6601129999908, 2929, 0.0, 3900, 2800, 136),
(549.9098700000031, 2931, 0.0, 3900, 2800, 138),
(558.1725829999923, 2933, 0.0, 3900, 2800, 140),
(566.4110439999931, 2934, 905970.75, 3900, 2800, 141),
(566.5847340000037, 2935, 1129820.0, 3900, 2800, 142),
(574.1920149999933, 2936, 26314.0, 3900, 2800, 143),
(574.3432769999927, 2938, 26314.0, 3900, 2800, 145),
(574.3957519999967, 2939, 22405.0, 3900, 2800, 146),
(574.447325000001, 2940, 26317.0, 3900, 2800, 147),
(574.5077999999921, 2941, 22405.0, 3900, 2800, 148),
(574.5771439999953, 2942, 26317.0, 3900, 2800, 149),
(574.7221839999984, 2944, 26317.0, 3900, 2800, 151),
(574.7716879999934, 2945, 22417.0, 3900, 2800, 152),
(574.8261510000011, 2946, 26566.0, 3900, 2800, 113),
(574.8911799999914, 2947, 26562.0, 3900, 2800, 114),
(574.961203999992, 2948, 26566.0, 3900, 2800, 115),
(575.0705230000021, 2950, 26566.0, 3900, 2800, 117),
(575.1406299999944, 2951, 26897.0, 3900, 2800, 118),
(575.2012220000033, 2952, 26566.0, 3900, 2800, 119),
(575.2631839999958, 2953, 26897.0, 3900, 2800, 120),
(575.3317969999916, 2954, 26565.0, 3900, 2800, 121),
(575.4477199999965, 2956, 26565.0, 3900, 2800, 123),
(575.5572050000046, 2958, 26566.0, 3900, 2800, 125),
(575.6768579999916, 2960, 26565.0, 3900, 2800, 127),
(575.7829669999919, 2962, 26565.0, 3900, 2800, 129),
(575.8979729999992, 2964, 26565.0, 3900, 2800, 131),
(576.0465629999962, 2966, 26566.0, 3900, 2800, 133),
(576.1874430000025, 2969, 0.0, 3900, 2800, 136),
(584.4480760000006, 2971, 0.0, 3900, 2800, 138),
(592.6796449999965, 2973, 0.0, 3900, 2800, 140),
(600.9928450000007, 2974, 952935.5, 3900, 2800, 141),
(601.1569699999964, 2975, 1067564.5, 3900, 2800, 142),
(608.7555609999981, 2976, 26314.0, 3900, 2800, 143),
(608.8088330000028, 2977, 22405.0, 3900, 2800, 144),
(608.8706109999912, 2978, 26314.0, 3900, 2800, 145),
(608.9288709999964, 2979, 22423.0, 3900, 2800, 146),
(608.9941749999998, 2980, 26317.0, 3900, 2800, 147),
(609.0585049999936, 2981, 22423.0, 3900, 2800, 148),
(609.1235429999942, 2982, 26317.0, 3900, 2800, 149),
(609.1863509999966, 2983, 22423.0, 3900, 2800, 150),
(609.2652059999964, 2984, 372968.5, 3900, 2800, 151),
(609.342307999992, 2985, 468758.0, 3900, 2800, 152),
(609.342307999992, 2985, 22435.0, 3900, 2800, 152),
(616.9599749999907, 2986, 26566.0, 3900, 2800, 113),
(617.0231639999984, 2987, 26563.0, 3900, 2800, 114),
(617.0817620000016, 2988, 26566.0, 3900, 2800, 115),
(617.1884199999913, 2990, 26566.0, 3900, 2800, 117),
(617.2509920000011, 2991, 26897.0, 3900, 2800, 118),
(617.3136419999937, 2992, 26566.0, 3900, 2800, 119),
(617.3778610000008, 2993, 26897.0, 3900, 2800, 120),
(617.4441399999923, 2994, 26565.0, 3900, 2800, 121),
(617.5496129999956, 2996, 26565.0, 3900, 2800, 123),
(617.6613429999998, 2998, 26566.0, 3900, 2800, 125),
(617.7796740000049, 3000, 26565.0, 3900, 2800, 127),
(617.8842270000023, 3002, 26566.0, 3900, 2800, 129),
(617.984025999991, 3004, 26565.0, 3900, 2800, 131),
(618.1273879999935, 3006, 26566.0, 3900, 2800, 133),
(618.2879850000027, 3009, 0.0, 3900, 2800, 136),
(626.561182999998, 3011, 0.0, 3900, 2800, 138),
(634.8022669999918, 3013, 0.0, 3900, 2800, 140),
(643.0309169999964, 3014, 883894.25, 3900, 2800, 141),
(643.177503999992, 3015, 1247383.5, 3900, 2800, 142),
(650.8072620000021, 3016, 26314.0, 3900, 2800, 143),
(650.9220780000032, 3018, 26314.0, 3900, 2800, 145),
(651.0318939999997, 3020, 26317.0, 3900, 2800, 147),
(651.1632509999909, 3022, 26317.0, 3900, 2800, 149),
(651.2465759999905, 3023, 22423.0, 3900, 2800, 150),
(651.3259489999909, 3024, 332806.0, 3900, 2800, 151),
(651.4126299999916, 3025, 477959.0, 3900, 2800, 152),
(651.4126299999916, 3025, 22435.0, 3900, 2800, 152),
(670.2913850000041, 3268, 26562.0, 3900, 2400, 112),
(670.364671000003, 3269, 26566.0, 3900, 2400, 113),
(670.4280690000014, 3270, 26562.0, 3900, 2400, 114),
(670.4904180000012, 3271, 26566.0, 3900, 2400, 115),
(670.5993829999934, 3273, 26566.0, 3900, 2400, 117),
(670.7269809999998, 3275, 26565.0, 3900, 2400, 119),
(670.8530889999965, 3277, 0.0, 3900, 2400, 121),
(679.2447509999911, 3279, 0.0, 3900, 2400, 123),
(687.5293280000042, 3281, 0.0, 3900, 2400, 125),
(695.7954000000027, 3283, 0.0, 3900, 2400, 127),
(704.0347709999915, 3285, 0.0, 3900, 2400, 129),
(712.2962410000036, 3287, 26565.0, 3900, 2400, 131),
(712.4365509999916, 3289, 26566.0, 3900, 2400, 133),
(712.533958999993, 3291, 22405.0, 3900, 2400, 135),
(712.6305529999954, 3293, 22484.0, 3900, 2400, 137),
(712.739201000004, 3295, 22405.0, 3900, 2400, 139),
(712.848027, 3297, 22484.0, 3900, 2400, 141),
(712.9577690000006, 3299, 26314.0, 3900, 2400, 143),
(713.081330999994, 3301, 26318.0, 3900, 2400, 145),
(713.1896609999967, 3303, 277.0, 3900, 2400, 147),
(713.2463509999943, 3304, 0.0, 3900, 2400, 148),
(721.5343500000017, 3305, 277286.75, 3900, 2400, 149),
(721.602092000001, 3306, 374814.75, 3900, 2400, 150),
(729.287301999997, 3307, 242292.0, 3900, 2400, 151),
(729.3435759999993, 3308, 329728.75, 3900, 2400, 152),
(729.3435759999993, 3308, 22435.0, 3900, 2400, 152),
(736.9903849999973, 3309, 26566.0, 3900, 2400, 113),
(737.0599289999955, 3310, 26562.0, 3900, 2400, 114),
(737.1190579999966, 3311, 26566.0, 3900, 2400, 115),
(737.2280210000026, 3313, 26566.0, 3900, 2400, 117),
(737.3336520000012, 3315, 26565.0, 3900, 2400, 119),
(737.4655029999994, 3317, 0.0, 3900, 2400, 121),
(745.8069279999909, 3319, 0.0, 3900, 2400, 123),
(754.1964149999985, 3321, 0.0, 3900, 2400, 125),
(762.402356999999, 3323, 0.0, 3900, 2400, 127),
(770.7604419999989, 3325, 0.0, 3900, 2400, 129),
(779.0537550000008, 3327, 26565.0, 3900, 2400, 131),
(779.2096109999984, 3329, 26566.0, 3900, 2400, 133),
(779.3377899999905, 3331, 22405.0, 3900, 2400, 135),
(779.4489619999949, 3333, 22484.0, 3900, 2400, 137),
(779.5711929999961, 3335, 22405.0, 3900, 2400, 139),
(779.6778380000032, 3337, 243680.75, 3900, 2400, 141),
(779.7344040000025, 3338, 333762.0, 3900, 2400, 142),
(787.4128130000026, 3339, 26314.0, 3900, 2400, 143),
(787.5264400000015, 3341, 26314.0, 3900, 2400, 145),
(787.628012000001, 3343, 26317.0, 3900, 2400, 147),
(787.7346839999955, 3345, 256455.0, 3900, 2400, 149),
(787.793107999998, 3346, 349230.5, 3900, 2400, 150),
(787.793107999998, 3346, 8958052.25, 3900, 2400, 150),
(796.6215740000043, 3347, 9065599.5, 3900, 2400, 151),
(796.6215740000043, 3347, 328264.0, 3900, 2400, 151),
(804.2553970000008, 3348, 451290.75, 3900, 2400, 152),
(804.2553970000008, 3348, 22435.0, 3900, 2400, 152),
(811.8899079999974, 3349, 26566.0, 3900, 2400, 113),
(811.9589520000009, 3350, 26562.0, 3900, 2400, 114),
(812.0200820000027, 3351, 26566.0, 3900, 2400, 115),
(812.132024999999, 3353, 26566.0, 3900, 2400, 117),
(812.2422510000033, 3355, 26565.0, 3900, 2400, 119),
(812.3621449999919, 3357, 0.0, 3900, 2400, 121),
(820.6413480000047, 3359, 0.0, 3900, 2400, 123),
(828.9306950000027, 3361, 0.0, 3900, 2400, 125),
(837.2051360000041, 3363, 0.0, 3900, 2400, 127),
(845.4917409999907, 3365, 0.0, 3900, 2400, 129),
(853.7553919999918, 3367, 26565.0, 3900, 2400, 131),
(853.904727000001, 3369, 26566.0, 3900, 2400, 133),
(854.016294999994, 3371, 22405.0, 3900, 2400, 135),
(854.1228339999943, 3373, 22484.0, 3900, 2400, 137),
(854.2233379999961, 3375, 22405.0, 3900, 2400, 139),
(854.3292629999924, 3377, 22484.0, 3900, 2400, 141),
(854.4393730000011, 3379, 26314.0, 3900, 2400, 143),
(854.5509159999929, 3381, 26318.0, 3900, 2400, 145),
(854.6566809999931, 3383, 277.0, 3900, 2400, 147),
(854.7130559999932, 3384, 0.0, 3900, 2400, 148),
(862.939394999994, 3386, 44521.0, 3900, 2400, 150),
(863.0012750000024, 3387, 44557.0, 3900, 2400, 151),
(863.0594339999952, 3388, 44521.0, 3900, 2400, 152),
(863.1239059999934, 3389, 44557.0, 3900, 2600, 112),
(863.1998389999935, 3390, 44474.0, 3900, 2600, 113),
(863.263076999996, 3391, 44521.0, 3900, 2600, 114),
(863.3311739999917, 3392, 44510.0, 3900, 2600, 115),
(863.3983169999992, 3393, 44557.0, 3900, 2600, 116),
(863.4672350000037, 3394, 44474.0, 3900, 2600, 117),
(863.5376109999925, 3395, 44521.0, 3900, 2600, 118),
(863.6041370000021, 3396, 44510.0, 3900, 2600, 119),
(863.680097000004, 3397, 44557.0, 3900, 2600, 120),
(863.7382379999908, 3398, 44521.0, 3900, 2600, 121),
(863.7992169999925, 3399, 44557.0, 3900, 2600, 122),
(863.8709629999939, 3400, 44521.0, 3900, 2600, 123),
(863.9318300000014, 3401, 44557.0, 3900, 2600, 124),
(864.0059749999928, 3402, 44521.0, 3900, 2600, 125),
(864.068975999995, 3403, 44557.0, 3900, 2600, 126),
(864.1286220000038, 3404, 44521.0, 3900, 2600, 127),
(864.190082000001, 3405, 44557.0, 3900, 2600, 128),
(864.2482880000025, 3406, 44521.0, 3900, 2600, 129),
(864.3095949999988, 3407, 44557.0, 3900, 2600, 130),
(864.3684680000006, 3408, 44521.0, 3900, 2600, 131),
(864.4285459999955, 3409, 44557.0, 3900, 2600, 132),
(864.489327000003, 3410, 44521.0, 3900, 2600, 133),
(864.5564610000001, 3411, 44557.0, 3900, 2600, 134),
(864.6216869999917, 3412, 44521.0, 3900, 2600, 135),
(864.6806890000007, 3413, 44557.0, 3900, 2600, 136),
(864.7517149999912, 3414, 44521.0, 3900, 2600, 137),
(864.8209879999922, 3415, 44557.0, 3900, 2600, 138),
(864.8891779999976, 3416, 44521.0, 3900, 2600, 139),
(864.9594179999985, 3417, 44557.0, 3900, 2600, 140),
(865.0216300000029, 3418, 44521.0, 3900, 2600, 141),
(865.0996549999982, 3419, 44557.0, 3900, 2600, 142),
(865.1676020000014, 3420, 44521.0, 3900, 2600, 143),
(865.2276869999914, 3421, 44557.0, 3900, 2600, 144),
(865.2861759999942, 3422, 44521.0, 3900, 2600, 145),
(865.3439030000009, 3423, 44557.0, 3900, 2600, 146),
(865.4036349999951, 3424, 44521.0, 3900, 2600, 147),
(865.4595350000018, 3425, 44557.0, 3900, 2600, 148),
(865.5176890000002, 3426, 44521.0, 3900, 2600, 149),
(865.5780609999929, 3427, 44557.0, 3900, 2600, 150),
(865.634877000004, 3428, 44521.0, 3900, 2600, 151),
(865.6923099999985, 3429, 44557.0, 3900, 2600, 152),
(865.7527909999917, 3430, 44474.0, 3900, 2600, 113),
(865.8101319999987, 3431, 44521.0, 3900, 2600, 114),
(865.879356999998, 3432, 44510.0, 3900, 2600, 115),
(865.9389019999944, 3433, 44557.0, 3900, 2600, 116),
(866.0050559999945, 3434, 44474.0, 3900, 2600, 117),
(866.0824529999954, 3435, 44521.0, 3900, 2600, 118),
(866.1465210000024, 3436, 44557.0, 3900, 2600, 119),
(866.2098100000003, 3437, 44521.0, 3900, 2600, 120),
(866.2736129999976, 3438, 44557.0, 3900, 2600, 121),
(866.3395639999944, 3439, 44521.0, 3900, 2600, 122),
(866.4019759999937, 3440, 44557.0, 3900, 2600, 123),
(866.463109999997, 3441, 44521.0, 3900, 2600, 124),
(866.5263589999959, 3442, 44557.0, 3900, 2600, 125),
(866.5962109999964, 3443, 44521.0, 3900, 2600, 126),
(866.6595450000023, 3444, 44557.0, 3900, 2600, 127),
(866.7172909999936, 3445, 44521.0, 3900, 2600, 128),
(866.7839620000013, 3446, 44557.0, 3900, 2600, 129),
(866.8493170000002, 3447, 44521.0, 3900, 2600, 130),
(866.920386999991, 3448, 44557.0, 3900, 2600, 131),
(866.9827340000047, 3449, 44521.0, 3900, 2600, 132),
(867.0428059999977, 3450, 44557.0, 3900, 2600, 133),
(867.1031689999945, 3451, 44521.0, 3900, 2600, 134),
(867.1784389999957, 3452, 44557.0, 3900, 2600, 135),
(867.2397429999983, 3453, 44521.0, 3900, 2600, 136),
(867.3000909999973, 3454, 44557.0, 3900, 2600, 137),
(867.3606989999971, 3455, 44521.0, 3900, 2600, 138),
(867.4238459999906, 3456, 44557.0, 3900, 2600, 139),
(867.4838779999991, 3457, 44521.0, 3900, 2600, 140),
(867.5421820000047, 3458, 44557.0, 3900, 2600, 141),
(867.6101029999991, 3459, 44521.0, 3900, 2600, 142),
(867.6730790000001, 3460, 44557.0, 3900, 2600, 143),
(867.7389980000007, 3461, 44521.0, 3900, 2600, 144),
(867.8005679999915, 3462, 44557.0, 3900, 2600, 145),
(867.8633390000032, 3463, 44521.0, 3900, 2600, 146),
(867.9240270000009, 3464, 44557.0, 3900, 2600, 147),
(867.9841279999964, 3465, 44521.0, 3900, 2600, 148),
(868.0493589999969, 3466, 44557.0, 3900, 2600, 149),
(868.1116170000023, 3467, 44521.0, 3900, 2600, 150),
(868.1789319999953, 3468, 44557.0, 3900, 2600, 151),
(868.2468419999932, 3469, 44521.0, 3900, 2600, 152),
(868.3026030000037, 3470, 44510.0, 3900, 2600, 113),
(868.3819229999935, 3471, 44557.0, 3900, 2600, 114),
(868.4441110000043, 3472, 44474.0, 3900, 2600, 115),
(868.5161939999962, 3473, 44521.0, 3900, 2600, 116),
(868.5790540000016, 3474, 44510.0, 3900, 2600, 117),
(868.6404769999936, 3475, 44557.0, 3900, 2600, 118),
(868.7174589999922, 3476, 44521.0, 3900, 2600, 119),
(868.7829999999958, 3477, 44557.0, 3900, 2600, 120),
(868.8476859999937, 3478, 44521.0, 3900, 2600, 121),
(868.9112009999953, 3479, 44557.0, 3900, 2600, 122),
(868.9796499999939, 3480, 44521.0, 3900, 2600, 123),
(869.0413799999951, 3481, 44557.0, 3900, 2600, 124),
(869.101324999996, 3482, 44521.0, 3900, 2600, 125),
(869.1651089999941, 3483, 44557.0, 3900, 2600, 126),
(869.2374929999933, 3484, 44521.0, 3900, 2600, 127),
(869.301609999995, 3485, 44557.0, 3900, 2600, 128),
(869.3640020000021, 3486, 44521.0, 3900, 2600, 129),
(869.4289390000049, 3487, 44557.0, 3900, 2600, 130),
(869.5114610000019, 3488, 44521.0, 3900, 2600, 131),
(869.5825009999971, 3489, 44557.0, 3900, 2600, 132),
(869.6415059999999, 3490, 44521.0, 3900, 2600, 133),
(869.7021989999921, 3491, 44557.0, 3900, 2600, 134),
(869.7806620000047, 3492, 44521.0, 3900, 2600, 135),
(869.8437859999976, 3493, 44557.0, 3900, 2600, 136),
(869.9116930000018, 3494, 44521.0, 3900, 2600, 137),
(869.9793899999931, 3495, 44557.0, 3900, 2600, 138),
(870.0421570000035, 3496, 44521.0, 3900, 2600, 139),
(870.1036080000049, 3497, 44557.0, 3900, 2600, 140),
(870.176947999993, 3498, 44521.0, 3900, 2600, 141),
(870.240135, 3499, 44557.0, 3900, 2600, 142),
(870.3000299999985, 3500, 44521.0, 3900, 2600, 143),
(870.3796690000017, 3501, 44557.0, 3900, 2600, 144),
(870.4529959999927, 3502, 44521.0, 3900, 2600, 145),
(870.5216789999977, 3503, 44557.0, 3900, 2600, 146),
(870.5938779999997, 3504, 44521.0, 3900, 2600, 147),
(870.6605290000007, 3505, 44557.0, 3900, 2600, 148),
(870.7289710000041, 3506, 44521.0, 3900, 2600, 149),
(870.7862610000011, 3507, 44557.0, 3900, 2600, 150),
(870.8478880000039, 3508, 44521.0, 3900, 2600, 151),
(870.9168229999923, 3509, 44557.0, 3900, 2600, 152),
(870.9876359999907, 3510, 44521.0, 3900, 2800, 112),
(871.0594100000017, 3511, 44510.0, 3900, 2800, 113),
(871.1193519999943, 3512, 44557.0, 3900, 2800, 114),
(871.1811290000041, 3513, 44474.0, 3900, 2800, 115),
(871.2421009999962, 3514, 44521.0, 3900, 2800, 116),
(871.3022979999951, 3515, 44510.0, 3900, 2800, 117),
(871.3588869999949, 3516, 44557.0, 3900, 2800, 118),
(871.4244159999944, 3517, 44474.0, 3900, 2800, 119),
(871.4852959999989, 3518, 44521.0, 3900, 2800, 120),
(871.5473519999941, 3519, 44557.0, 3900, 2800, 121),
(871.6096220000036, 3520, 44521.0, 3900, 2800, 122),
(871.6851420000021, 3521, 44557.0, 3900, 2800, 123),
(871.7523559999972, 3522, 44521.0, 3900, 2800, 124),
(871.8166639999981, 3523, 44557.0, 3900, 2800, 125),
(871.8776289999951, 3524, 44521.0, 3900, 2800, 126),
(871.9377479999966, 3525, 44557.0, 3900, 2800, 127),
(872.0031829999934, 3526, 44521.0, 3900, 2800, 128),
(872.0615689999977, 3527, 44557.0, 3900, 2800, 129),
(872.1258339999913, 3528, 44521.0, 3900, 2800, 130),
(872.1856859999971, 3529, 44557.0, 3900, 2800, 131),
(872.2400249999919, 3530, 44521.0, 3900, 2800, 132),
(872.3074400000041, 3531, 44557.0, 3900, 2800, 133),
(872.377330000003, 3532, 44521.0, 3900, 2800, 134),
(872.4434670000046, 3533, 44557.0, 3900, 2800, 135),
(872.5086529999971, 3534, 44521.0, 3900, 2800, 136),
(872.575251000002, 3535, 44557.0, 3900, 2800, 137),
(872.6374950000027, 3536, 44521.0, 3900, 2800, 138),
(872.7176139999938, 3537, 44557.0, 3900, 2800, 139),
(872.7791529999959, 3538, 44521.0, 3900, 2800, 140),
(872.8490319999983, 3539, 44557.0, 3900, 2800, 141),
(872.9183380000031, 3540, 44521.0, 3900, 2800, 142),
(872.9853650000005, 3541, 44557.0, 3900, 2800, 143),
(873.0474910000048, 3542, 44521.0, 3900, 2800, 144),
(873.1083530000033, 3543, 44557.0, 3900, 2800, 145),
(873.1649259999976, 3544, 44521.0, 3900, 2800, 146),
(873.2237840000016, 3545, 44557.0, 3900, 2800, 147),
(873.2819630000013, 3546, 44521.0, 3900, 2800, 148),
(873.340366000004, 3547, 44557.0, 3900, 2800, 149),
(873.3967149999953, 3548, 44521.0, 3900, 2800, 150),
(873.4533870000014, 3549, 44557.0, 3900, 2800, 151),
(873.5119580000028, 3550, 44521.0, 3900, 2800, 152),
(873.5730979999935, 3551, 44510.0, 3900, 2800, 113),
(873.6353390000004, 3552, 44557.0, 3900, 2800, 114),
(873.6984809999994, 3553, 44474.0, 3900, 2800, 115),
(873.7577599999931, 3554, 44521.0, 3900, 2800, 116),
(873.812579999998, 3555, 44510.0, 3900, 2800, 117),
(873.8736780000036, 3556, 44557.0, 3900, 2800, 118),
(873.9349619999994, 3557, 44474.0, 3900, 2800, 119),
(873.991909000004, 3558, 44521.0, 3900, 2800, 120),
(874.0485669999907, 3559, 44557.0, 3900, 2800, 121),
(874.107462999993, 3560, 44521.0, 3900, 2800, 122),
(874.1657279999927, 3561, 44557.0, 3900, 2800, 123),
(874.2270810000045, 3562, 44521.0, 3900, 2800, 124),
(874.282772999999, 3563, 44557.0, 3900, 2800, 125),
(874.3398190000007, 3564, 44521.0, 3900, 2800, 126),
(874.3965779999999, 3565, 44557.0, 3900, 2800, 127),
(874.4577250000002, 3566, 44521.0, 3900, 2800, 128),
(874.5175880000024, 3567, 44557.0, 3900, 2800, 129),
(874.5902610000048, 3568, 44521.0, 3900, 2800, 130),
(874.6508449999965, 3569, 44557.0, 3900, 2800, 131),
(874.7073669999954, 3570, 44521.0, 3900, 2800, 132),
(874.7649959999981, 3571, 44557.0, 3900, 2800, 133),
(874.823120999994, 3572, 44521.0, 3900, 2800, 134),
(874.8835099999997, 3573, 44557.0, 3900, 2800, 135),
(874.9456150000042, 3574, 44521.0, 3900, 2800, 136),
(875.0035070000013, 3575, 44557.0, 3900, 2800, 137),
(875.0617550000024, 3576, 44521.0, 3900, 2800, 138),
(875.1197079999984, 3577, 44557.0, 3900, 2800, 139),
(875.1786259999935, 3578, 44521.0, 3900, 2800, 140),
(875.2384259999963, 3579, 44557.0, 3900, 2800, 141),
(875.294784999991, 3580, 44521.0, 3900, 2800, 142),
(875.3528910000023, 3581, 44557.0, 3900, 2800, 143),
(875.4155000000028, 3582, 44521.0, 3900, 2800, 144),
(875.4729450000013, 3583, 44557.0, 3900, 2800, 145),
(875.5332610000041, 3584, 44521.0, 3900, 2800, 146),
(875.6010759999917, 3585, 44557.0, 3900, 2800, 147),
(875.6709330000012, 3586, 44521.0, 3900, 2800, 148),
(875.7419139999984, 3587, 44557.0, 3900, 2800, 149),
(875.8021719999961, 3588, 44521.0, 3900, 2800, 150),
(875.8631009999954, 3589, 44557.0, 3900, 2800, 151),
(875.9226970000018, 3590, 44521.0, 3900, 2800, 152),
(875.9830689999944, 3591, 44510.0, 3900, 2800, 113),
(876.0453830000042, 3592, 44557.0, 3900, 2800, 114),
(876.1058009999979, 3593, 44474.0, 3900, 2800, 115),
(876.1651219999912, 3594, 44521.0, 3900, 2800, 116),
(876.2228570000007, 3595, 44510.0, 3900, 2800, 117),
(876.2887979999941, 3596, 44557.0, 3900, 2800, 118),
(876.3455519999989, 3597, 44474.0, 3900, 2800, 119),
(876.4111370000028, 3598, 44521.0, 3900, 2800, 120),
(876.4703109999973, 3599, 44557.0, 3900, 2800, 121),
(876.5315279999922, 3600, 44521.0, 3900, 2800, 122),
(876.5894220000046, 3601, 44557.0, 3900, 2800, 123),
(876.6495159999904, 3602, 44521.0, 3900, 2800, 124),
(876.7241729999951, 3603, 44557.0, 3900, 2800, 125),
(876.7903669999941, 3604, 44521.0, 3900, 2800, 126),
(876.8607009999978, 3605, 44557.0, 3900, 2800, 127),
(876.9178260000044, 3606, 44521.0, 3900, 2800, 128),
(876.9790709999943, 3607, 44557.0, 3900, 2800, 129),
(877.045048, 3608, 44521.0, 3900, 2800, 130),
(877.1073650000035, 3609, 44557.0, 3900, 2800, 131),
(877.1663939999999, 3610, 44521.0, 3900, 2800, 132),
(877.2352149999933, 3611, 44557.0, 3900, 2800, 133),
(877.3111130000034, 3612, 44521.0, 3900, 2800, 134),
(877.3829439999972, 3613, 44557.0, 3900, 2800, 135),
(877.4606349999958, 3614, 44521.0, 3900, 2800, 136),
(877.5241280000046, 3615, 44557.0, 3900, 2800, 137),
(877.5942760000034, 3616, 44521.0, 3900, 2800, 138),
(877.6528430000035, 3617, 44557.0, 3900, 2800, 139),
(877.7186130000046, 3618, 44521.0, 3900, 2800, 140),
(877.7786699999997, 3619, 44557.0, 3900, 2800, 141),
(877.8408229999914, 3620, 44521.0, 3900, 2800, 142),
(877.910222999999, 3621, 44557.0, 3900, 2800, 143),
(877.9791850000038, 3622, 44521.0, 3900, 2800, 144),
(878.0364449999906, 3623, 44557.0, 3900, 2800, 145),
(878.0943200000038, 3624, 44521.0, 3900, 2800, 146),
(878.150775999995, 3625, 44557.0, 3900, 2800, 147),
(878.2104200000031, 3626, 44521.0, 3900, 2800, 148),
(878.2785239999939, 3627, 44557.0, 3900, 2800, 149),
(878.3423289999919, 3628, 44521.0, 3900, 2800, 150),
(878.4025430000038, 3629, 44557.0, 3900, 2800, 151),
(878.4678489999933, 3630, 44521.0, 3900, 2800, 152),
(878.5360039999941, 3631, 44557.0, 3900, 3000, 112),
(878.5985050000018, 3632, 44521.0, 3900, 3000, 113),
(878.6647099999973, 3633, 44557.0, 3900, 3000, 114),
(878.7343469999905, 3634, 44521.0, 3900, 3000, 115),
(878.7956629999971, 3635, 44557.0, 3900, 3000, 116),
(878.8546809999971, 3636, 44521.0, 3900, 3000, 117),
(878.9101559999981, 3637, 44557.0, 3900, 3000, 118),
(878.977125999998, 3638, 44521.0, 3900, 3000, 119),
(879.0368449999951, 3639, 44557.0, 3900, 3000, 120),
(879.1058519999933, 3640, 44521.0, 3900, 3000, 121),
(879.1684810000006, 3641, 44557.0, 3900, 3000, 122),
(879.2296309999947, 3642, 44521.0, 3900, 3000, 123),
(879.2964530000027, 3643, 44557.0, 3900, 3000, 124),
(879.3539840000012, 3644, 44521.0, 3900, 3000, 125),
(879.4170190000004, 3645, 44557.0, 3900, 3000, 126),
(879.4883109999937, 3646, 44521.0, 3900, 3000, 127),
(879.5504919999948, 3647, 44557.0, 3900, 3000, 128),
(879.6066960000026, 3648, 44521.0, 3900, 3000, 129),
(879.671199000004, 3649, 44557.0, 3900, 3000, 130),
(879.7318910000031, 3650, 44521.0, 3900, 3000, 131),
(879.7904569999955, 3651, 44557.0, 3900, 3000, 132),
(879.8508000000002, 3652, 44521.0, 3900, 3000, 133),
(879.9094999999943, 3653, 44557.0, 3900, 3000, 134),
(879.9707979999948, 3654, 44521.0, 3900, 3000, 135),
(880.0285619999922, 3655, 44557.0, 3900, 3000, 136),
(880.0886749999918, 3656, 44521.0, 3900, 3000, 137),
(880.1436059999978, 3657, 44557.0, 3900, 3000, 138),
(880.2020340000017, 3658, 44521.0, 3900, 3000, 139),
(880.2587110000022, 3659, 44557.0, 3900, 3000, 140),
(880.3186819999974, 3660, 44521.0, 3900, 3000, 141),
(880.3806269999914, 3661, 44557.0, 3900, 3000, 142),
(880.4405439999973, 3662, 44521.0, 3900, 3000, 143),
(880.4983280000015, 3663, 44557.0, 3900, 3000, 144),
(880.5550470000017, 3664, 44521.0, 3900, 3000, 145),
(880.6134480000037, 3665, 44557.0, 3900, 3000, 146),
(880.6723150000034, 3666, 44521.0, 3900, 3000, 147),
(880.732284999991, 3667, 44557.0, 3900, 3000, 148),
(880.7965059999988, 3668, 44521.0, 3900, 3000, 149),
(880.8577919999952, 3669, 44557.0, 3900, 3000, 150),
(880.9168570000038, 3670, 44521.0, 3900, 3000, 151),
(880.9755259999947, 3671, 44557.0, 3900, 3000, 152),
(881.0432169999985, 3672, 44521.0, 3900, 3000, 113),
(881.1106489999947, 3673, 44557.0, 3900, 3000, 114),
(881.1746899999998, 3674, 44521.0, 3900, 3000, 115),
(881.2367709999962, 3675, 44557.0, 3900, 3000, 116),
(881.2970959999948, 3676, 44521.0, 3900, 3000, 117),
(881.3595550000027, 3677, 44557.0, 3900, 3000, 118),
(881.4197899999999, 3678, 44521.0, 3900, 3000, 119),
(881.4813889999932, 3679, 44557.0, 3900, 3000, 120),
(881.5405449999962, 3680, 44521.0, 3900, 3000, 121),
(881.5984729999909, 3681, 44557.0, 3900, 3000, 122),
(881.6590399999986, 3682, 44521.0, 3900, 3000, 123),
(881.7205759999924, 3683, 44557.0, 3900, 3000, 124),
(881.7792959999933, 3684, 44521.0, 3900, 3000, 125),
(881.8425239999924, 3685, 44557.0, 3900, 3000, 126),
(881.9053239999921, 3686, 44521.0, 3900, 3000, 127),
(881.9648539999907, 3687, 44557.0, 3900, 3000, 128),
(882.0267539999913, 3688, 44521.0, 3900, 3000, 129),
(882.092512999996, 3689, 44557.0, 3900, 3000, 130),
(882.1576899999927, 3690, 44521.0, 3900, 3000, 131),
(882.2207699999999, 3691, 44557.0, 3900, 3000, 132),
(882.2841349999944, 3692, 44521.0, 3900, 3000, 133),
(882.3439300000027, 3693, 44557.0, 3900, 3000, 134),
(882.4042219999974, 3694, 44521.0, 3900, 3000, 135),
(882.4661130000022, 3695, 44557.0, 3900, 3000, 136),
(882.5306899999996, 3696, 44521.0, 3900, 3000, 137),
(882.5997409999982, 3697, 44557.0, 3900, 3000, 138),
(882.661878999992, 3698, 44521.0, 3900, 3000, 139),
(882.7287260000012, 3699, 44557.0, 3900, 3000, 140),
(882.790645000001, 3700, 44521.0, 3900, 3000, 141),
(882.8537280000019, 3701, 44557.0, 3900, 3000, 142),
(882.9168099999952, 3702, 44521.0, 3900, 3000, 143),
(882.9758599999914, 3703, 44557.0, 3900, 3000, 144),
(883.0376370000013, 3704, 44521.0, 3900, 3000, 145),
(883.0983319999941, 3705, 44557.0, 3900, 3000, 146),
(883.1598759999906, 3706, 44521.0, 3900, 3000, 147),
(883.2235639999999, 3707, 44557.0, 3900, 3000, 148),
(883.2870870000042, 3708, 44521.0, 3900, 3000, 149),
(883.3452220000036, 3709, 44557.0, 3900, 3000, 150),
(883.4051269999909, 3710, 44521.0, 3900, 3000, 151),
(883.4655409999978, 3711, 44557.0, 3900, 3000, 152),
(883.529171000002, 3712, 44521.0, 3900, 3000, 113),
(883.5889650000026, 3713, 44557.0, 3900, 3000, 114),
(883.6525039999979, 3714, 44521.0, 3900, 3000, 115),
(883.7167219999974, 3715, 44557.0, 3900, 3000, 116),
(883.779939, 3716, 44521.0, 3900, 3000, 117),
(883.8407290000032, 3717, 44557.0, 3900, 3000, 118),
(883.899602999998, 3718, 44521.0, 3900, 3000, 119),
(883.9590579999931, 3719, 44557.0, 3900, 3000, 120),
(884.0192910000042, 3720, 44521.0, 3900, 3000, 121),
(884.0825459999905, 3721, 44557.0, 3900, 3000, 122),
(884.1437920000026, 3722, 44521.0, 3900, 3000, 123),
(884.2048039999936, 3723, 44557.0, 3900, 3000, 124),
(884.2670409999992, 3724, 44521.0, 3900, 3000, 125),
(884.325754999998, 3725, 44557.0, 3900, 3000, 126),
(884.384825000001, 3726, 44521.0, 3900, 3000, 127),
(884.4476029999933, 3727, 44557.0, 3900, 3000, 128),
(884.5150469999935, 3728, 44521.0, 3900, 3000, 129),
(884.5820139999996, 3729, 44557.0, 3900, 3000, 130),
(884.6436749999993, 3730, 44521.0, 3900, 3000, 131),
(884.7047309999907, 3731, 44557.0, 3900, 3000, 132),
(884.7724920000037, 3732, 44521.0, 3900, 3000, 133),
(884.8298119999963, 3733, 44557.0, 3900, 3000, 134),
(884.8957419999933, 3734, 44521.0, 3900, 3000, 135),
(884.9602400000003, 3735, 44557.0, 3900, 3000, 136),
(885.0258489999978, 3736, 44521.0, 3900, 3000, 137),
(885.0890799999906, 3737, 44557.0, 3900, 3000, 138),
(885.1519879999978, 3738, 44521.0, 3900, 3000, 139),
(885.2210519999935, 3739, 44557.0, 3900, 3000, 140),
(885.279125999994, 3740, 44521.0, 3900, 3000, 141),
(885.3413149999978, 3741, 44557.0, 3900, 3000, 142),
(885.4112539999915, 3742, 44521.0, 3900, 3000, 143),
(885.475477, 3743, 44557.0, 3900, 3000, 144),
(885.542631999997, 3744, 44521.0, 3900, 3000, 145),
(885.6055269999924, 3745, 44557.0, 3900, 3000, 146),
(885.6730910000042, 3746, 44521.0, 3900, 3000, 147),
(885.7377169999963, 3747, 44557.0, 3900, 3000, 148),
(885.8082659999927, 3748, 44521.0, 3900, 3000, 149),
(885.8695409999928, 3749, 44557.0, 3900, 3000, 150),
(885.9276379999937, 3750, 44521.0, 3900, 3000, 151),
(885.9875639999955, 3751, 44557.0, 3900, 3000, 152),
(886.0522469999996, 3752, 44521.0, 3900, 3200, 112),
(886.1215899999952, 3753, 44557.0, 3900, 3200, 113),
(886.1848469999968, 3754, 44521.0, 3900, 3200, 114),
(886.251351999992, 3755, 44557.0, 3900, 3200, 115),
(886.3176260000037, 3756, 44521.0, 3900, 3200, 116),
(886.3842799999984, 3757, 44557.0, 3900, 3200, 117),
(886.4566709999926, 3758, 44521.0, 3900, 3200, 118),
(886.5181349999912, 3759, 44557.0, 3900, 3200, 119),
(886.5821129999968, 3760, 44521.0, 3900, 3200, 120),
(886.644346000001, 3761, 44557.0, 3900, 3200, 121),
(886.714043999993, 3762, 44521.0, 3900, 3200, 122),
(886.7762760000041, 3763, 44557.0, 3900, 3200, 123),
(886.8378200000006, 3764, 44521.0, 3900, 3200, 124),
(886.9077419999958, 3765, 44557.0, 3900, 3200, 125),
(886.9676579999941, 3766, 44521.0, 3900, 3200, 126),
(887.0374349999911, 3767, 44557.0, 3900, 3200, 127),
(887.1067099999927, 3768, 44521.0, 3900, 3200, 128),
(887.1639189999987, 3769, 44557.0, 3900, 3200, 129),
(887.2246199999936, 3770, 44521.0, 3900, 3200, 130),
(887.2879450000037, 3771, 44557.0, 3900, 3200, 131),
(887.3549829999974, 3772, 44521.0, 3900, 3200, 132),
(887.4207109999988, 3773, 44557.0, 3900, 3200, 133),
(887.4879209999926, 3774, 44521.0, 3900, 3200, 134),
(887.5558739999979, 3775, 44557.0, 3900, 3200, 135),
(887.6279450000002, 3776, 44521.0, 3900, 3200, 136),
(887.686183999991, 3777, 44557.0, 3900, 3200, 137),
(887.7515339999954, 3778, 44521.0, 3900, 3200, 138),
(887.8114519999945, 3779, 44557.0, 3900, 3200, 139),
(887.8727999999974, 3780, 44521.0, 3900, 3200, 140),
(887.9348270000046, 3781, 44557.0, 3900, 3200, 141),
(887.9996069999906, 3782, 44521.0, 3900, 3200, 142),
(888.0642839999928, 3783, 44557.0, 3900, 3200, 143),
(888.130152999991, 3784, 44521.0, 3900, 3200, 144),
(888.1900429999951, 3785, 44557.0, 3900, 3200, 145),
(888.2545319999917, 3786, 44521.0, 3900, 3200, 146),
(888.3171690000017, 3787, 44557.0, 3900, 3200, 147),
(888.383673999997, 3788, 44521.0, 3900, 3200, 148),
(888.4502030000003, 3789, 44557.0, 3900, 3200, 149),
(888.5139400000044, 3790, 44521.0, 3900, 3200, 150),
(888.5833520000015, 3791, 44557.0, 3900, 3200, 151),
(888.6469639999996, 3792, 44521.0, 3900, 3200, 152),
(888.7035610000021, 3793, 44557.0, 3900, 3200, 113),
(888.7656799999968, 3794, 44521.0, 3900, 3200, 114),
(888.8278529999952, 3795, 44557.0, 3900, 3200, 115),
(888.8906409999909, 3796, 44521.0, 3900, 3200, 116),
(888.957865000004, 3797, 44557.0, 3900, 3200, 117),
(889.0238280000049, 3798, 44521.0, 3900, 3200, 118),
(889.0855949999968, 3799, 44557.0, 3900, 3200, 119),
(889.160732999997, 3800, 44521.0, 3900, 3200, 120),
(889.2312349999993, 3801, 44557.0, 3900, 3200, 121),
(889.2961700000014, 3802, 44521.0, 3900, 3200, 122),
(889.3660810000001, 3803, 44557.0, 3900, 3200, 123),
(889.4351509999979, 3804, 44521.0, 3900, 3200, 124),
(889.4942880000017, 3805, 44557.0, 3900, 3200, 125),
(889.5541070000036, 3806, 44521.0, 3900, 3200, 126),
(889.614149999994, 3807, 44557.0, 3900, 3200, 127),
(889.6785559999989, 3808, 44521.0, 3900, 3200, 128),
(889.7420069999935, 3809, 44557.0, 3900, 3200, 129),
(889.8059939999948, 3810, 44521.0, 3900, 3200, 130),
(889.870047999997, 3811, 44557.0, 3900, 3200, 131),
(889.9282200000016, 3812, 44521.0, 3900, 3200, 132),
(889.985136999996, 3813, 44557.0, 3900, 3200, 133),
(890.0435589999979, 3814, 44521.0, 3900, 3200, 134),
(890.1135789999971, 3815, 44557.0, 3900, 3200, 135),
(890.1726859999908, 3816, 44521.0, 3900, 3200, 136),
(890.2345389999973, 3817, 44557.0, 3900, 3200, 137),
(890.3001450000011, 3818, 44521.0, 3900, 3200, 138),
(890.361825, 3819, 44557.0, 3900, 3200, 139),
(890.4292390000046, 3820, 44521.0, 3900, 3200, 140),
(890.4939639999939, 3821, 44557.0, 3900, 3200, 141),
(890.5700070000021, 3822, 44521.0, 3900, 3200, 142),
(890.6331809999974, 3823, 44557.0, 3900, 3200, 143),
(890.6986999999936, 3824, 44521.0, 3900, 3200, 144),
(890.7597890000034, 3825, 44557.0, 3900, 3200, 145),
(890.8250259999913, 3826, 44521.0, 3900, 3200, 146),
(890.8928820000001, 3827, 44557.0, 3900, 3200, 147),
(890.9554419999913, 3828, 44521.0, 3900, 3200, 148),
(891.0140189999947, 3829, 44557.0, 3900, 3200, 149),
(891.0753750000003, 3830, 44521.0, 3900, 3200, 150),
(891.1356410000008, 3831, 44557.0, 3900, 3200, 151),
(891.2028009999922, 3832, 44521.0, 3900, 3200, 152),
(891.2716099999961, 3833, 44557.0, 3900, 3200, 113),
(891.3312520000036, 3834, 44521.0, 3900, 3200, 114),
(891.3893799999933, 3835, 44557.0, 3900, 3200, 115),
(891.4516339999973, 3836, 44521.0, 3900, 3200, 116),
(891.5122419999971, 3837, 44557.0, 3900, 3200, 117),
(891.5724869999976, 3838, 44521.0, 3900, 3200, 118),
(891.6328260000009, 3839, 44557.0, 3900, 3200, 119),
(891.6979160000046, 3840, 44521.0, 3900, 3200, 120),
(891.756601999994, 3841, 44557.0, 3900, 3200, 121),
(891.8163490000006, 3842, 44521.0, 3900, 3200, 122),
(891.8795649999956, 3843, 44557.0, 3900, 3200, 123),
(891.9417099999991, 3844, 44521.0, 3900, 3200, 124),
(891.9990839999955, 3845, 44557.0, 3900, 3200, 125),
(892.0608999999968, 3846, 44521.0, 3900, 3200, 126),
(892.121232999998, 3847, 44557.0, 3900, 3200, 127),
(892.1815320000023, 3848, 44521.0, 3900, 3200, 128),
(892.2435160000023, 3849, 44557.0, 3900, 3200, 129),
(892.3095900000044, 3850, 44521.0, 3900, 3200, 130),
(892.3783390000026, 3851, 44557.0, 3900, 3200, 131),
(892.4513969999971, 3852, 44521.0, 3900, 3200, 132),
(892.5114059999905, 3853, 44557.0, 3900, 3200, 133),
(892.5722559999995, 3854, 44521.0, 3900, 3200, 134),
(892.635540000003, 3855, 44557.0, 3900, 3200, 135),
(892.7021949999908, 3856, 44521.0, 3900, 3200, 136),
(892.7675489999965, 3857, 44557.0, 3900, 3200, 137),
(892.8273820000031, 3858, 44521.0, 3900, 3200, 138),
(892.8912449999916, 3859, 44557.0, 3900, 3200, 139),
(892.954555999997, 3860, 44521.0, 3900, 3200, 140),
(893.0223620000033, 3861, 44557.0, 3900, 3200, 141),
(893.0841919999948, 3862, 44521.0, 3900, 3200, 142),
(893.1472749999957, 3863, 44557.0, 3900, 3200, 143),
(893.2161510000005, 3864, 44521.0, 3900, 3200, 144),
(893.2873629999958, 3865, 44557.0, 3900, 3200, 145),
(893.3474690000003, 3866, 44521.0, 3900, 3200, 146),
(893.4052729999967, 3867, 44557.0, 3900, 3200, 147),
(893.4632949999941, 3868, 44521.0, 3900, 3200, 148),
(893.5328949999966, 3869, 44557.0, 3900, 3200, 149),
(893.5918229999952, 3870, 44521.0, 3900, 3200, 150),
(893.6576329999953, 3871, 44557.0, 3900, 3200, 151),
(893.7193209999969, 3872, 44521.0, 3900, 3200, 152),
(893.7826649999915, 3873, 44557.0, 3900, 2100, 112),
(893.8441639999946, 3874, 44521.0, 3900, 2100, 113),
(893.9079170000041, 3875, 44557.0, 3900, 2100, 114),
(893.9686280000024, 3876, 44521.0, 3900, 2100, 115),
(894.0336450000032, 3877, 44557.0, 3900, 2100, 116),
(894.0968940000021, 3878, 44521.0, 3900, 2100, 117),
(894.1599750000023, 3879, 44557.0, 3900, 2100, 118),
(894.2182820000016, 3880, 44521.0, 3900, 2100, 119),
(894.2759289999958, 3881, 44557.0, 3900, 2100, 120),
(894.3312659999938, 3882, 44521.0, 3900, 2100, 121),
(894.3900509999949, 3883, 44557.0, 3900, 2100, 122),
(894.4549989999941, 3884, 44521.0, 3900, 2100, 123),
(894.5248670000001, 3885, 44557.0, 3900, 2100, 124),
(894.5920429999969, 3886, 44521.0, 3900, 2100, 125),
(894.6579669999919, 3887, 44557.0, 3900, 2100, 126),
(894.7251089999918, 3888, 44521.0, 3900, 2100, 127),
(894.7815160000027, 3889, 44557.0, 3900, 2100, 128),
(894.8434330000018, 3890, 44521.0, 3900, 2100, 129),
(894.9097529999999, 3891, 44557.0, 3900, 2100, 130),
(894.9734579999931, 3892, 44521.0, 3900, 2100, 131),
(895.0346540000028, 3893, 44557.0, 3900, 2100, 132),
(895.0923159999948, 3894, 44521.0, 3900, 2100, 133),
(895.1565140000021, 3895, 44557.0, 3900, 2100, 134),
(895.2154250000021, 3896, 44521.0, 3900, 2100, 135),
(895.2764139999927, 3897, 44557.0, 3900, 2100, 136),
(895.3407579999912, 3898, 44521.0, 3900, 2100, 137),
(895.3994529999909, 3899, 44557.0, 3900, 2100, 138),
(895.4609249999921, 3900, 44521.0, 3900, 2100, 139),
(895.5243599999958, 3901, 44557.0, 3900, 2100, 140),
(895.5905159999966, 3902, 44521.0, 3900, 2100, 141),
(895.6450020000048, 3903, 44557.0, 3900, 2100, 142),
(895.7008229999919, 3904, 44521.0, 3900, 2100, 143),
(895.7616819999967, 3905, 44557.0, 3900, 2100, 144),
(895.8250010000047, 3906, 44521.0, 3900, 2100, 145),
(895.8916279999976, 3907, 44557.0, 3900, 2100, 146),
(895.9605659999943, 3908, 44521.0, 3900, 2100, 147),
(896.0203279999987, 3909, 44557.0, 3900, 2100, 148),
(896.0852979999909, 3910, 44521.0, 3900, 2100, 149),
(896.1473729999998, 3911, 44557.0, 3900, 2100, 150),
(896.207957999999, 3912, 44521.0, 3900, 2100, 151),
(896.2651089999999, 3913, 44557.0, 3900, 2100, 152),
(896.3336770000024, 3914, 44521.0, 3900, 2100, 113),
(896.3999119999935, 3915, 44557.0, 3900, 2100, 114),
(896.4596739999979, 3916, 44521.0, 3900, 2100, 115),
(896.5221829999937, 3917, 44557.0, 3900, 2100, 116),
(896.5830060000008, 3918, 44521.0, 3900, 2100, 117),
(896.6450539999933, 3919, 44557.0, 3900, 2100, 118),
(896.705185999992, 3920, 44521.0, 3900, 2100, 119),
(896.7697959999932, 3921, 44557.0, 3900, 2100, 120),
(896.8336849999905, 3922, 44521.0, 3900, 2100, 121),
(896.8979220000037, 3923, 44557.0, 3900, 2100, 122),
(896.9618889999983, 3924, 44521.0, 3900, 2100, 123),
(897.0225839999912, 3925, 44557.0, 3900, 2100, 124),
(897.0832589999918, 3926, 44521.0, 3900, 2100, 125),
(897.1477159999922, 3927, 44557.0, 3900, 2100, 126),
(897.2158469999995, 3928, 44521.0, 3900, 2100, 127),
(897.2797739999951, 3929, 44557.0, 3900, 2100, 128),
(897.3386670000036, 3930, 44521.0, 3900, 2100, 129),
(897.4003410000005, 3931, 44557.0, 3900, 2100, 130),
(897.4624380000023, 3932, 44521.0, 3900, 2100, 131),
(897.5212259999971, 3933, 44557.0, 3900, 2100, 132),
(897.5854410000029, 3934, 44521.0, 3900, 2100, 133),
(897.6493939999928, 3935, 44557.0, 3900, 2100, 134),
(897.7167069999996, 3936, 44521.0, 3900, 2100, 135),
(897.7754969999951, 3937, 44557.0, 3900, 2100, 136),
(897.834044999996, 3938, 44521.0, 3900, 2100, 137),
(897.8978780000034, 3939, 44557.0, 3900, 2100, 138),
(897.961930999998, 3940, 44521.0, 3900, 2100, 139),
(898.0248439999996, 3941, 44557.0, 3900, 2100, 140),
(898.0952499999985, 3942, 44521.0, 3900, 2100, 141),
(898.1572589999996, 3943, 44557.0, 3900, 2100, 142),
(898.2148679999955, 3944, 44521.0, 3900, 2100, 143),
(898.27592, 3945, 44557.0, 3900, 2100, 144),
(898.3369160000002, 3946, 44521.0, 3900, 2100, 145),
(898.4076090000017, 3947, 44557.0, 3900, 2100, 146),
(898.4696180000028, 3948, 44521.0, 3900, 2100, 147),
(898.5309039999993, 3949, 44557.0, 3900, 2100, 148),
(898.595742999998, 3950, 44521.0, 3900, 2100, 149),
(898.6636869999929, 3951, 44557.0, 3900, 2100, 150),
(898.7176340000005, 3952, 44521.0, 3900, 2100, 151),
(898.7775309999997, 3953, 44557.0, 3900, 2100, 152),
(898.8338740000036, 3954, 44521.0, 3900, 2100, 113),
(898.8923879999929, 3955, 44557.0, 3900, 2100, 114),
(898.9511829999974, 3956, 44521.0, 3900, 2100, 115),
(899.0097479999968, 3957, 44557.0, 3900, 2100, 116),
(899.0703659999999, 3958, 44521.0, 3900, 2100, 117),
(899.146041, 3959, 44557.0, 3900, 2100, 118),
(899.2140939999954, 3960, 44521.0, 3900, 2100, 119),
(899.2918030000001, 3961, 44557.0, 3900, 2100, 120),
(899.3747560000047, 3962, 44521.0, 3900, 2100, 121),
(899.4413809999969, 3963, 44557.0, 3900, 2100, 122),
(899.5193790000048, 3964, 44521.0, 3900, 2100, 123),
(899.5862869999983, 3965, 44557.0, 3900, 2100, 124),
(899.6587759999966, 3966, 44521.0, 3900, 2100, 125),
(899.7276830000046, 3967, 44557.0, 3900, 2100, 126),
(899.7950739999942, 3968, 44521.0, 3900, 2100, 127),
(899.8693090000015, 3969, 44557.0, 3900, 2100, 128),
(899.9487589999917, 3970, 44521.0, 3900, 2100, 129),
(900.030528999996, 3971, 44557.0, 3900, 2100, 130),
(900.0974409999908, 3972, 44521.0, 3900, 2100, 131),
(900.1700330000021, 3973, 44557.0, 3900, 2100, 132),
(900.2418059999909, 3974, 44521.0, 3900, 2100, 133),
(900.3147559999925, 3975, 44557.0, 3900, 2100, 134),
(900.3933749999997, 3976, 44521.0, 3900, 2100, 135),
(900.4768579999945, 3977, 44557.0, 3900, 2100, 136),
(900.5474390000018, 3978, 44521.0, 3900, 2100, 137),
(900.6184300000023, 3979, 44557.0, 3900, 2100, 138),
(900.6956139999966, 3980, 44521.0, 3900, 2100, 139),
(900.7685610000044, 3981, 44557.0, 3900, 2100, 140),
(900.8455779999931, 3982, 44521.0, 3900, 2100, 141),
(900.9196149999916, 3983, 44557.0, 3900, 2100, 142),
(900.9873119999975, 3984, 44521.0, 3900, 2100, 143),
(901.056905999998, 3985, 44557.0, 3900, 2100, 144),
(901.1298620000016, 3986, 44521.0, 3900, 2100, 145),
(901.2023279999994, 3987, 44557.0, 3900, 2100, 146),
(901.2629210000014, 3988, 44521.0, 3900, 2100, 147),
(901.3271359999926, 3989, 44557.0, 3900, 2100, 148),
(901.4042899999913, 3990, 44521.0, 3900, 2100, 149),
(901.4794379999948, 3991, 44557.0, 3900, 2100, 150),
(901.5704089999927, 3992, 44521.0, 3900, 2100, 151),
(901.6480809999921, 3993, 44557.0, 3900, 2100, 152),
(901.7251069999911, 3994, 44531.0, 3900, 2200, 112),
(901.8094149999961, 3995, 44567.0, 3900, 2200, 113),
(901.8657609999937, 3996, 44531.0, 3900, 2200, 114),
(901.9243790000037, 3997, 44567.0, 3900, 2200, 115),
(901.9776350000029, 3998, 44531.0, 3900, 2200, 116),
(902.0408749999915, 3999, 44567.0, 3900, 2200, 117),
(902.0988470000011, 4000, 44531.0, 3900, 2200, 118),
(902.1631170000037, 4001, 44567.0, 3900, 2200, 119),
(902.225649999993, 4002, 44531.0, 3900, 2200, 120),
(902.3015690000029, 4003, 44567.0, 3900, 2200, 121),
(902.3754729999928, 4004, 44531.0, 3900, 2200, 122),
(902.4417019999964, 4005, 44567.0, 3900, 2200, 123),
(902.4979929999972, 4006, 44531.0, 3900, 2200, 124),
(902.5620170000038, 4007, 44567.0, 3900, 2200, 125),
(902.6183279999968, 4008, 44531.0, 3900, 2200, 126),
(902.6814139999915, 4009, 44567.0, 3900, 2200, 127),
(902.7490059999982, 4010, 44531.0, 3900, 2200, 128),
(902.8155870000046, 4011, 44567.0, 3900, 2200, 129),
(902.8754069999995, 4012, 44531.0, 3900, 2200, 130),
(902.9415750000044, 4013, 44567.0, 3900, 2200, 131),
(903.0045850000024, 4014, 44531.0, 3900, 2200, 132),
(903.059024000002, 4015, 44567.0, 3900, 2200, 133),
(903.1164259999932, 4016, 44531.0, 3900, 2200, 134),
(903.1721390000021, 4017, 44567.0, 3900, 2200, 135),
(903.2345269999932, 4018, 44531.0, 3900, 2200, 136),
(903.291452999998, 4019, 44567.0, 3900, 2200, 137),
(903.3527119999926, 4020, 44531.0, 3900, 2200, 138),
(903.430343999993, 4021, 44567.0, 3900, 2200, 139),
(903.4901969999919, 4022, 44531.0, 3900, 2200, 140),
(903.550814999995, 4023, 44567.0, 3900, 2200, 141),
(903.6117959999974, 4024, 44531.0, 3900, 2200, 142),
(903.6776870000031, 4025, 44567.0, 3900, 2200, 143),
(903.7440320000023, 4026, 44531.0, 3900, 2200, 144),
(903.8052469999966, 4027, 44567.0, 3900, 2200, 145),
(903.8657660000026, 4028, 44531.0, 3900, 2200, 146),
(903.9265259999956, 4029, 44567.0, 3900, 2200, 147),
(903.9850279999955, 4030, 44531.0, 3900, 2200, 148),
(904.0437269999966, 4031, 44567.0, 3900, 2200, 149),
(904.1034680000012, 4032, 44531.0, 3900, 2200, 150),
(904.1653579999984, 4033, 44567.0, 3900, 2200, 151),
(904.224504999991, 4034, 44531.0, 3900, 2200, 152),
(904.2842720000044, 4035, 44567.0, 3900, 2200, 113),
(904.3407630000002, 4036, 44531.0, 3900, 2200, 114),
(904.4049569999916, 4037, 44567.0, 3900, 2200, 115),
(904.4707530000014, 4038, 44531.0, 3900, 2200, 116),
(904.5258389999944, 4039, 44567.0, 3900, 2200, 117),
(904.5839039999992, 4040, 44531.0, 3900, 2200, 118),
(904.644868000003, 4041, 44567.0, 3900, 2200, 119),
(904.7044239999959, 4042, 44531.0, 3900, 2200, 120),
(904.7724520000047, 4043, 44567.0, 3900, 2200, 121),
(904.8431390000042, 4044, 44531.0, 3900, 2200, 122),
(904.8986109999969, 4045, 44567.0, 3900, 2200, 123),
(904.9562540000043, 4046, 44531.0, 3900, 2200, 124),
(905.0174609999958, 4047, 44567.0, 3900, 2200, 125),
(905.0941929999972, 4048, 44531.0, 3900, 2200, 126),
(905.1650579999987, 4049, 44567.0, 3900, 2200, 127),
(905.2278649999935, 4050, 44531.0, 3900, 2200, 128),
(905.2863459999935, 4051, 44567.0, 3900, 2200, 129),
(905.3444670000026, 4052, 44531.0, 3900, 2200, 130),
(905.408654999992, 4053, 44567.0, 3900, 2200, 131),
(905.4734360000002, 4054, 44531.0, 3900, 2200, 132),
(905.5323939999944, 4055, 44567.0, 3900, 2200, 133),
(905.591088000001, 4056, 44531.0, 3900, 2200, 134),
(905.6523889999953, 4057, 44567.0, 3900, 2200, 135),
(905.719379999995, 4058, 44531.0, 3900, 2200, 136),
(905.7872340000031, 4059, 44567.0, 3900, 2200, 137),
(905.8522329999978, 4060, 44531.0, 3900, 2200, 138),
(905.9138129999919, 4061, 44567.0, 3900, 2200, 139),
(905.969803999993, 4062, 44531.0, 3900, 2200, 140),
(906.0290490000043, 4063, 44567.0, 3900, 2200, 141),
(906.0864469999942, 4064, 44531.0, 3900, 2200, 142),
(906.1448720000044, 4065, 44567.0, 3900, 2200, 143),
(906.2049029999907, 4066, 44531.0, 3900, 2200, 144),
(906.2663780000003, 4067, 44567.0, 3900, 2200, 145),
(906.3241620000044, 4068, 44531.0, 3900, 2200, 146),
(906.380514000004, 4069, 44567.0, 3900, 2200, 147),
(906.4403779999993, 4070, 44531.0, 3900, 2200, 148),
(906.5005410000012, 4071, 44567.0, 3900, 2200, 149),
(906.5612149999943, 4072, 44531.0, 3900, 2200, 150),
(906.6214829999954, 4073, 44567.0, 3900, 2200, 151),
(906.6809869999997, 4074, 44531.0, 3900, 2200, 152),
(906.7549449999933, 4075, 44567.0, 3900, 2200, 113),
(906.8360899999971, 4076, 44531.0, 3900, 2200, 114),
(906.9126660000038, 4077, 44567.0, 3900, 2200, 115),
(906.9911989999964, 4078, 44531.0, 3900, 2200, 116),
(907.0529370000004, 4079, 44567.0, 3900, 2200, 117),
(907.1199360000028, 4080, 44531.0, 3900, 2200, 118),
(907.1993959999963, 4081, 44567.0, 3900, 2200, 119),
(907.2648780000018, 4082, 44531.0, 3900, 2200, 120),
(907.3289189999923, 4083, 44567.0, 3900, 2200, 121),
(907.3905139999988, 4084, 44531.0, 3900, 2200, 122),
(907.4515979999996, 4085, 44567.0, 3900, 2200, 123),
(907.5173179999983, 4086, 44531.0, 3900, 2200, 124),
(907.5736800000013, 4087, 44567.0, 3900, 2200, 125),
(907.6399850000016, 4088, 44531.0, 3900, 2200, 126),
(907.7084690000047, 4089, 44567.0, 3900, 2200, 127),
(907.7724099999905, 4090, 44531.0, 3900, 2200, 128),
(907.8343020000029, 4091, 44567.0, 3900, 2200, 129),
(907.8979339999933, 4092, 44531.0, 3900, 2200, 130),
(907.9604759999929, 4093, 44567.0, 3900, 2200, 131),
(908.0264369999932, 4094, 44531.0, 3900, 2200, 132),
(908.0947779999988, 4095, 44567.0, 3900, 2200, 133),
(908.156501999998, 4096, 44531.0, 3900, 2200, 134),
(908.2205260000046, 4097, 44567.0, 3900, 2200, 135),
(908.2824450000044, 4098, 44531.0, 3900, 2200, 136),
(908.3472820000025, 4099, 44567.0, 3900, 2200, 137),
(908.411540000001, 4100, 44531.0, 3900, 2200, 138),
(908.4786319999985, 4101, 44567.0, 3900, 2200, 139),
(908.5455769999971, 4102, 44531.0, 3900, 2200, 140),
(908.6183519999904, 4103, 44567.0, 3900, 2200, 141),
(908.6793150000012, 4104, 44531.0, 3900, 2200, 142),
(908.7422119999974, 4105, 44567.0, 3900, 2200, 143),
(908.7996180000046, 4106, 44531.0, 3900, 2200, 144),
(908.8618739999947, 4107, 44567.0, 3900, 2200, 145),
(908.924841, 4108, 44531.0, 3900, 2200, 146),
(908.9846140000009, 4109, 44567.0, 3900, 2200, 147),
(909.045723999996, 4110, 44531.0, 3900, 2200, 148),
(909.1059649999952, 4111, 44567.0, 3900, 2200, 149),
(909.1688839999988, 4112, 44531.0, 3900, 2200, 150),
(909.2287629999919, 4113, 44567.0, 3900, 2200, 151),
(909.2870620000031, 4114, 44531.0, 3900, 2200, 152),
(909.3458149999933, 4115, 250534.75, 3900, 2300, 112),
(909.4070629999915, 4116, 343519.0, 3900, 2300, 113),
(909.4070629999915, 4116, 1002577.25, 3900, 2300, 113),
(917.036804000003, 4117, 1162691.25, 3900, 2300, 114),
(917.036804000003, 4117, 920977.0, 3900, 2300, 114),
(924.6498350000038, 4118, 1036155.5, 3900, 2300, 115),
(932.3189409999904, 4122, 28838.0, 3900, 2300, 119),
(932.3845000000001, 4123, 52619.0, 3900, 2300, 120),
(932.5414149999997, 4125, 183957.0, 3900, 2300, 122),
(932.6020619999908, 4126, 22658.0, 3900, 2300, 123),
(932.6556819999969, 4127, 271179.0, 3900, 2300, 124),
(932.7158780000027, 4128, 367440.5, 3900, 2300, 125),
(940.2369299999991, 4129, 89097.0, 3900, 2300, 126),
(940.3594480000029, 4131, 843929.0, 3900, 2300, 128),
(940.5006480000011, 4132, 1001628.25, 3900, 2300, 129),
(948.0006529999955, 4133, 896538.5, 3900, 2300, 130),
(948.1539049999992, 4134, 1032929.25, 3900, 2300, 131),
(948.1539049999992, 4134, 291595.75, 3900, 2300, 131),
(955.6715100000001, 4135, 408762.5, 3900, 2300, 132),
(955.6715100000001, 4135, 24287.0, 3900, 2300, 132),
(963.2222009999969, 4137, 26902.0, 3900, 2300, 134),
(963.3250580000022, 4139, 0.0, 3900, 2300, 136),
(971.4645009999949, 4141, 346499.5, 3900, 2300, 138),
(971.5388959999982, 4142, 464099.75, 3900, 2300, 139),
(971.5388959999982, 4142, 28837.0, 3900, 2300, 139),
(979.1733399999939, 4145, 23959.0, 3900, 2300, 142),
(979.2331459999987, 4146, 26965.0, 3900, 2300, 143),
(979.2928919999977, 4147, 24360.0, 3900, 2300, 144),
(979.4031479999976, 4149, 26959.0, 3900, 2300, 146),
(979.4592750000011, 4150, 22428.0, 3900, 2300, 147),
(979.5691809999989, 4152, 301.0, 3900, 2300, 149),
(980.7802789999987, 4153, 26963.0, 3900, 2300, 150),
(980.8647629999905, 4154, 296.0, 3900, 2300, 151),
(982.0748639999947, 4155, 903850.25, 3900, 2300, 152),
(982.2312799999927, 4156, 1052234.75, 3900, 2300, 113),
(982.2312799999927, 4156, 52620.0, 3900, 2300, 113),
(989.7440150000039, 4157, 889992.25, 3900, 2300, 114),
(989.8965349999926, 4158, 1031130.75, 3900, 2300, 115),
(989.8965349999926, 4158, 52617.0, 3900, 2300, 115),
(997.4566930000001, 4160, 831778.25, 3900, 2300, 117),
(997.6031010000006, 4161, 971913.75, 3900, 2300, 118),
(997.6031010000006, 4161, 864127.25, 3900, 2300, 118),
(1005.2084969999996, 4162, 988750.5, 3900, 2300, 119),
(1012.758216999995, 4164, 309453.25, 3900, 2300, 121),
(1012.8251469999959, 4165, 422906.5, 3900, 2300, 122),
(1012.8251469999959, 4165, 52614.0, 3900, 2300, 122),
(1020.3301599999977, 4166, 907354.75, 3900, 2300, 123),
(1020.4841060000035, 4167, 1048550.25, 3900, 2300, 124),
(1020.4841060000035, 4167, 823743.25, 3900, 2300, 124),
(1028.0751900000032, 4168, 960431.0, 3900, 2300, 125),
(1035.5684929999989, 4169, 896561.75, 3900, 2300, 126),
(1035.721955000001, 4170, 1067260.75, 3900, 2300, 127),
(1043.2222760000004, 4171, 435109.25, 3900, 2300, 128),
(1043.3134710000013, 4172, 538653.0, 3900, 2300, 129),
(1050.937957000002, 4176, 268737.5, 3900, 2300, 133),
(1050.9997670000012, 4177, 386076.5, 3900, 2300, 134),
(1050.9997670000012, 4177, 320302.75, 3900, 2300, 134),
(1058.5099249999912, 4178, 454892.5, 3900, 2300, 135),
(1066.0335300000006, 4179, 28592.0, 3900, 2300, 136),
(1066.1500589999923, 4181, 28635.0, 3900, 2300, 138),
(1066.2068049999943, 4182, 26324.0, 3900, 2300, 139),
(1066.3540309999953, 4185, 23709.0, 3900, 2300, 142),
(1066.4106549999997, 4186, 24354.0, 3900, 2300, 143),
(1066.4746129999985, 4187, 831315.0, 3900, 2300, 144),
(1066.6210659999924, 4188, 973221.25, 3900, 2300, 145),
(1066.6210659999924, 4188, 22426.0, 3900, 2300, 145),
(1074.1536930000002, 4189, 23964.0, 3900, 2300, 146),
(1074.3015889999951, 4191, 847563.5, 3900, 2300, 148),
(1074.4420839999948, 4192, 981154.75, 3900, 2300, 149),
(1074.4420839999948, 4192, 369858.75, 3900, 2300, 149),
(1081.9813679999934, 4193, 501836.25, 3900, 2300, 150),
(1089.526561999999, 4194, 297.0, 3900, 2300, 151),
(1090.7624499999947, 4195, 914814.75, 3900, 2300, 152),
(1090.917809999999, 4196, 1078022.75, 3900, 2300, 113),
(1090.917809999999, 4196, 54886.0, 3900, 2300, 113),
(1098.4910640000016, 4198, 48736.0, 3900, 2300, 115),
(1098.6259639999917, 4201, 52615.0, 3900, 2300, 118),
(1098.734163999994, 4203, 28838.0, 3900, 2300, 120),
(1098.7980459999962, 4204, 28839.0, 3900, 2300, 121),
(1098.8622719999985, 4205, 52620.0, 3900, 2300, 122),
(1098.944027999998, 4206, 22683.0, 3900, 2300, 123),
(1099.0024810000032, 4207, 28844.0, 3900, 2300, 124),
(1099.0594500000007, 4208, 22674.0, 3900, 2300, 125),
(1099.1172970000043, 4209, 291419.0, 3900, 2300, 126),
(1099.196100999994, 4210, 422676.25, 3900, 2300, 127),
(1106.7909189999918, 4213, 279539.75, 3900, 2300, 130),
(1106.8554139999906, 4214, 396327.0, 3900, 2300, 131),
(1106.8554139999906, 4214, 26578.0, 3900, 2300, 131),
(1114.374305999998, 4215, 889126.25, 3900, 2300, 132),
(1114.5289009999979, 4216, 1019092.5, 3900, 2300, 133),
(1114.5289009999979, 4216, 861174.0, 3900, 2300, 133),
(1122.1196190000046, 4217, 1007143.25, 3900, 2300, 134),
(1122.1196190000046, 4217, 877083.75, 3900, 2300, 134),
(1129.7353969999967, 4218, 1017264.0, 3900, 2300, 135),
(1137.3625719999982, 4221, 23960.0, 3900, 2300, 138),
(1137.492207999996, 4224, 24024.0, 3900, 2300, 141),
(1137.5504619999992, 4225, 270623.0, 3900, 2300, 142),
(1137.616995999997, 4226, 395998.0, 3900, 2300, 143),
(1137.616995999997, 4226, 314679.25, 3900, 2300, 143),
(1145.1513609999965, 4227, 457204.5, 3900, 2300, 144),
(1152.6459369999939, 4228, 279884.25, 3900, 2300, 145),
(1152.7308849999972, 4229, 386821.5, 3900, 2300, 146),
(1152.7308849999972, 4229, 24043.0, 3900, 2300, 146),
(1160.293795999998, 4230, 23715.0, 3900, 2300, 147),
(1160.374318999995, 4231, 837351.0, 3900, 2300, 148),
(1160.5152439999947, 4232, 968492.75, 3900, 2300, 149),
(1160.5152439999947, 4232, 24032.0, 3900, 2300, 149),
(1168.061056999999, 4233, 24354.0, 3900, 2300, 150),
(1168.1367299999984, 4234, 22411.0, 3900, 2300, 151),
(1168.2354599999962, 4236, 26562.0, 3900, 2400, 112),
(1168.2900320000044, 4237, 26566.0, 3900, 2400, 113),
(1168.3556160000007, 4238, 26562.0, 3900, 2400, 114),
(1168.423981999993, 4239, 26566.0, 3900, 2400, 115),
(1168.5268599999981, 4241, 26566.0, 3900, 2400, 117),
(1168.634806999995, 4243, 26565.0, 3900, 2400, 119),
(1168.738003999999, 4245, 0.0, 3900, 2400, 121),
(1176.8989319999964, 4247, 0.0, 3900, 2400, 123),
(1185.0322259999957, 4249, 0.0, 3900, 2400, 125),
(1193.1825629999948, 4251, 0.0, 3900, 2400, 127),
(1201.324358999991, 4253, 0.0, 3900, 2400, 129),
(1209.486057000002, 4255, 26565.0, 3900, 2400, 131),
(1209.6263780000008, 4257, 26566.0, 3900, 2400, 133),
(1209.7392519999994, 4259, 22405.0, 3900, 2400, 135),
(1209.8455910000048, 4261, 22484.0, 3900, 2400, 137),
(1209.951682999992, 4263, 22405.0, 3900, 2400, 139),
(1210.0574049999996, 4265, 247425.0, 3900, 2400, 141),
(1210.114512, 4266, 337040.75, 3900, 2400, 142),
(1217.6565319999936, 4267, 26314.0, 3900, 2400, 143),
(1217.7635750000045, 4269, 26314.0, 3900, 2400, 145),
(1217.8678689999942, 4271, 26317.0, 3900, 2400, 147),
(1217.9712449999934, 4273, 22469.0, 3900, 2400, 149),
(1218.022134999992, 4274, 8672942.0, 3900, 2400, 150),
(1219.2255420000001, 4275, 8915465.0, 3900, 2400, 151),
(1219.2255420000001, 4275, 329166.0, 3900, 2400, 151),
(1226.7664359999908, 4276, 468810.75, 3900, 2400, 152),
(1226.7664359999908, 4276, 22435.0, 3900, 2400, 152),
(1234.406741999992, 4277, 26566.0, 3900, 2400, 113),
(1234.4929499999998, 4278, 26562.0, 3900, 2400, 114),
(1234.553872000004, 4279, 26566.0, 3900, 2400, 115),
(1234.6515669999935, 4281, 26566.0, 3900, 2400, 117),
(1234.7502870000026, 4283, 26565.0, 3900, 2400, 119),
(1234.8594690000027, 4285, 26565.0, 3900, 2400, 121),
(1234.968697999997, 4287, 0.0, 3900, 2400, 123),
(1243.2182239999966, 4289, 0.0, 3900, 2400, 125),
(1251.406621000002, 4291, 0.0, 3900, 2400, 127),
(1259.6132870000001, 4293, 0.0, 3900, 2400, 129),
(1267.7927859999909, 4295, 26565.0, 3900, 2400, 131),
(1267.9284909999988, 4297, 26566.0, 3900, 2400, 133),
(1268.0418510000018, 4299, 22405.0, 3900, 2400, 135),
(1268.157601999992, 4301, 22484.0, 3900, 2400, 137),
(1268.268618999995, 4303, 22405.0, 3900, 2400, 139),
(1268.3818360000005, 4305, 22484.0, 3900, 2400, 141),
(1268.4977609999914, 4307, 26314.0, 3900, 2400, 143),
(1268.6085190000013, 4309, 26314.0, 3900, 2400, 145),
(1268.719729000004, 4311, 26317.0, 3900, 2400, 147),
(1268.8248800000001, 4313, 244151.5, 3900, 2400, 149),
(1268.8814209999982, 4314, 332448.0, 3900, 2400, 150),
(1268.8814209999982, 4314, 9539939.25, 3900, 2400, 150),
(1277.6824749999942, 4315, 9678787.5, 3900, 2400, 151),
(1277.6824749999942, 4315, 331125.5, 3900, 2400, 151),
(1285.2294640000036, 4316, 462954.0, 3900, 2400, 152),
(1285.2294640000036, 4316, 22435.0, 3900, 2400, 152),
(1292.7500889999937, 4317, 26566.0, 3900, 2400, 113),
(1292.8328440000041, 4318, 26562.0, 3900, 2400, 114),
(1292.889857999995, 4319, 26566.0, 3900, 2400, 115),
(1293.002416000003, 4321, 26566.0, 3900, 2400, 117),
(1293.1139609999955, 4323, 26565.0, 3900, 2400, 119),
(1293.2249989999982, 4325, 26565.0, 3900, 2400, 121),
(1293.3313919999928, 4327, 26565.0, 3900, 2400, 123),
(1293.4451439999975, 4329, 0.0, 3900, 2400, 125),
(1301.6183210000017, 4331, 0.0, 3900, 2400, 127),
(1309.817830999993, 4333, 0.0, 3900, 2400, 129),
(1318.0025349999923, 4335, 26565.0, 3900, 2400, 131),
(1318.1360259999929, 4337, 26566.0, 3900, 2400, 133),
(1318.2536799999943, 4339, 22405.0, 3900, 2400, 135),
(1318.3531829999993, 4341, 22484.0, 3900, 2400, 137),
(1318.469637000002, 4343, 22405.0, 3900, 2400, 139),
(1318.5804260000004, 4345, 258808.5, 3900, 2400, 141),
(1318.6390309999988, 4346, 350852.75, 3900, 2400, 142),
(1326.181515999997, 4347, 26314.0, 3900, 2400, 143),
(1326.2935460000008, 4349, 26314.0, 3900, 2400, 145),
(1326.3986149999982, 4351, 26317.0, 3900, 2400, 147),
(1326.5064100000018, 4353, 277.0, 3900, 2400, 149),
(1326.5620070000004, 4354, 0.0, 3900, 2400, 150),
(1334.6706859999977, 4355, 265961.25, 3900, 2400, 151),
(1334.7475089999934, 4356, 380847.0, 3900, 2400, 152),
(1334.7475089999934, 4356, 22435.0, 3900, 2400, 152),
(1342.2850539999927, 4357, 26562.0, 3900, 2500, 112),
(1342.364248999991, 4358, 26566.0, 3900, 2500, 113),
(1342.4784220000001, 4360, 26566.0, 3900, 2500, 115),
(1342.575576000003, 4362, 26566.0, 3900, 2500, 117),
(1342.6775049999997, 4364, 26565.0, 3900, 2500, 119),
(1342.747279999996, 4365, 22730.0, 3900, 2500, 120),
(1342.8231879999948, 4366, 26565.0, 3900, 2500, 121),
(1342.891445000001, 4367, 22712.0, 3900, 2500, 122),
(1342.9552790000016, 4368, 26565.0, 3900, 2500, 123),
(1343.022391999999, 4369, 22730.0, 3900, 2500, 124),
(1343.0896990000037, 4370, 26565.0, 3900, 2500, 125),
(1343.154033999992, 4371, 22712.0, 3900, 2500, 126),
(1343.224801999997, 4372, 26565.0, 3900, 2500, 127),
(1343.3469380000024, 4374, 26565.0, 3900, 2500, 129),
(1343.4543819999963, 4376, 26565.0, 3900, 2500, 131),
(1343.5177949999925, 4377, 23758.0, 3900, 2500, 132),
(1343.5898739999975, 4378, 22731.0, 3900, 2500, 133),
(1343.655396000002, 4379, 23758.0, 3900, 2500, 134),
(1343.7208739999915, 4380, 22423.0, 3900, 2500, 135),
(1343.8612980000034, 4382, 828777.25, 3900, 2500, 137),
(1343.9985440000019, 4383, 981382.5, 3900, 2500, 138),
