(28842.0, 4300, 1900, 150),
(26968.0, 4300, 1900, 153),
(26968.0, 4300, 1900, 154),
(28843.0, 4300, 1900, 157),
(26575.0, 4300, 1900, 171),
(40672.25, 4300, 1900, 172),
(28843.0, 4300, 1900, 176),
(39136.5, 4300, 1900, 178),
(26575.0, 4300, 1900, 179),
(26575.0, 4300, 1900, 181),
(28843.0, 4300, 1900, 185),
(38843.25, 4300, 1900, 186),
(38869.5, 4300, 1900, 187),
(28843.0, 4300, 1900, 190),
(26968.0, 4300, 1900, 153),
(26968.0, 4300, 1900, 154),
(26575.0, 4300, 1900, 171),
(42533.25, 4300, 1900, 172),
(28843.0, 4300, 1900, 176),
(39803.5, 4300, 1900, 178),
(26575.0, 4300, 1900, 179),
(26575.0, 4300, 1900, 181),
(28843.0, 4300, 1900, 185),
(37966.25, 4300, 1900, 186),
(37917.5, 4300, 1900, 187),
(28843.0, 4300, 1900, 190),
(26968.0, 4300, 1900, 153),
(26968.0, 4300, 1900, 154),
(26575.0, 4300, 1900, 171),
(40728.75, 4300, 1900, 172),
(28843.0, 4300, 1900, 176),
(38860.75, 4300, 1900, 178),
(26575.0, 4300, 1900, 179),
(26575.0, 4300, 1900, 181),
(28843.0, 4300, 1900, 185),
(38848.5, 4300, 1900, 186),
(37921.25, 4300, 1900, 187),
(28843.0, 4300, 1900, 190),
(22684.0, 4300, 2300, 157),
(22665.0, 4300, 2300, 162),
(12271.0, 4300, 2300, 166),
(23966.0, 4300, 2300, 169),
(41939.25, 4300, 2300, 176),
(22664.0, 4300, 2300, 177),
(22681.0, 4300, 2300, 187),
(26396.0, 4300, 2300, 189),
(22665.0, 4300, 2300, 190),
(22431.0, 4300, 2300, 157),
(310.0, 4300, 2300, 159),
(24345.0, 4300, 2300, 163),
(12283.0, 4300, 2300, 166),
(26772.0, 4300, 2300, 175),
(22683.0, 4300, 2300, 176),
(22664.0, 4300, 2300, 177),
(37903.75, 4300, 2300, 178),
(39903.0, 4300, 2300, 180),
(23829.0, 4300, 2300, 189),
(22665.0, 4300, 2300, 190),
(38865.25, 4300, 2300, 156),
(511048.25, 4300, 2300, 157),
(38908.25, 4300, 2300, 164),
(541649.5, 4300, 2300, 165),
(22657.0, 4300, 2300, 167),
(53574.5, 4300, 2300, 175),
(589299.25, 4300, 2300, 176),
(22683.0, 4300, 2300, 176),
(26576.0, 4300, 2300, 178),
(22663.0, 4300, 2300, 187),
(41590.25, 4300, 2700, 150),
(1266820.0, 4300, 2700, 151),
(22429.0, 4300, 2700, 151),
(26968.0, 4300, 2700, 153),
(39762.75, 4300, 2700, 157),
(1333167.25, 4300, 2700, 158),
(26326.0, 4300, 2700, 158),
(38820.25, 4300, 2700, 162),
(1316376.0, 4300, 2700, 163),
(22414.0, 4300, 2700, 164),
(28615.0, 4300, 2700, 165),
(39787.75, 4300, 2700, 167),
(1380446.5, 4300, 2700, 168),
(22677.0, 4300, 2700, 168),
(22663.0, 4300, 2700, 170),
(26575.0, 4300, 2700, 171),
(38874.0, 4300, 2700, 172),
(37041.0, 4300, 2700, 176),
(1244623.0, 4300, 2700, 177),
(22659.0, 4300, 2700, 177),
(40816.0, 4300, 2700, 178),
(38854.5, 4300, 2700, 179),
(22662.0, 4300, 2700, 180),
(26575.0, 4300, 2700, 181),
(37931.0, 4300, 2700, 185),
(1164750.75, 4300, 2700, 186),
(52618.0, 4300, 2700, 186),
(26574.0, 4300, 2700, 188),
(38833.75, 4300, 2700, 190),
(1254750.25, 4300, 2700, 151),
(22411.0, 4300, 2700, 151),
(26968.0, 4300, 2700, 153),
(41024.75, 4300, 2700, 157),
(1345874.5, 4300, 2700, 158),
(26326.0, 4300, 2700, 158),
(39761.25, 4300, 2700, 162),
(1248325.5, 4300, 2700, 163),
(41602.25, 4300, 2700, 164),
(787578.5, 4300, 2700, 165),
(28615.0, 4300, 2700, 165),
(41125.5, 4300, 2700, 167),
(1285245.0, 4300, 2700, 168),
(22677.0, 4300, 2700, 168),
(22663.0, 4300, 2700, 170),
(26575.0, 4300, 2700, 171),
(40727.5, 4300, 2700, 172),
(36994.25, 4300, 2700, 176),
(1209637.0, 4300, 2700, 177),
(22659.0, 4300, 2700, 177),
(39775.75, 4300, 2700, 178),
(38867.75, 4300, 2700, 179),
(22662.0, 4300, 2700, 180),
(26575.0, 4300, 2700, 181),
(48971.75, 4300, 2700, 185),
(1269465.5, 4300, 2700, 186),
(52618.0, 4300, 2700, 186),
(26574.0, 4300, 2700, 188),
(40262.25, 4300, 2700, 190),
(1295268.75, 4300, 2700, 151),
(22429.0, 4300, 2700, 151),
(26968.0, 4300, 2700, 153),
(39786.0, 4300, 2700, 157),
(1271321.0, 4300, 2700, 158),
(26326.0, 4300, 2700, 158),
(39999.75, 4300, 2700, 162),
(1327489.75, 4300, 2700, 163),
(22414.0, 4300, 2700, 164),
(28615.0, 4300, 2700, 165),
(39762.25, 4300, 2700, 167),
(1172816.25, 4300, 2700, 168),
(22677.0, 4300, 2700, 168),
(22663.0, 4300, 2700, 170),
(26575.0, 4300, 2700, 171),
(39761.25, 4300, 2700, 172),
(39172.75, 4300, 2700, 176),
(1161864.0, 4300, 2700, 177),
(22659.0, 4300, 2700, 177),
(37921.0, 4300, 2700, 178),
(40501.0, 4300, 2700, 179),
(22662.0, 4300, 2700, 180),
(26575.0, 4300, 2700, 181),
(39832.75, 4300, 2700, 185),
(1198592.0, 4300, 2700, 186),
(52618.0, 4300, 2700, 186),
(26574.0, 4300, 2700, 188),
(39883.25, 4300, 2700, 190),
(1371695.75, 4300, 2100, 150),
(22433.0, 4300, 2100, 151),
(24358.0, 4300, 2100, 152),
(22724.0, 4300, 2100, 153),
(37937.5, 4300, 2100, 154),
(1280541.75, 4300, 2100, 155),
(22431.0, 4300, 2100, 158),
(26329.0, 4300, 2100, 159),
(26336.0, 4300, 2100, 164),
(28615.0, 4300, 2100, 165),
(22677.0, 4300, 2100, 168),
(26575.0, 4300, 2100, 169),
(22466.0, 4300, 2100, 170),
(40767.75, 4300, 2100, 171),
(38875.25, 4300, 2100, 172),
(39789.0, 4300, 2100, 173),
(26584.0, 4300, 2100, 176),
(22661.0, 4300, 2100, 177),
(26582.0, 4300, 2100, 178),
(39078.25, 4300, 2100, 179),
(26582.0, 4300, 2100, 180),
(22679.0, 4300, 2100, 181),
(26578.0, 4300, 2100, 182),
(37917.5, 4300, 2100, 185),
(22662.0, 4300, 2100, 186),
(37007.75, 4300, 2100, 187),
(26574.0, 4300, 2100, 188),
(22415.0, 4300, 2100, 151),
(24358.0, 4300, 2100, 152),
(22742.0, 4300, 2100, 153),
(40075.0, 4300, 2100, 154),
(1113261.75, 4300, 2100, 155),
(22431.0, 4300, 2100, 158),
(26329.0, 4300, 2100, 159),
(26336.0, 4300, 2100, 164),
(28615.0, 4300, 2100, 165),
(22677.0, 4300, 2100, 168),
(26575.0, 4300, 2100, 169),
(22466.0, 4300, 2100, 170),
(38937.5, 4300, 2100, 171),
(40786.5, 4300, 2100, 172),
(37007.0, 4300, 2100, 173),
(26584.0, 4300, 2100, 176),
(22661.0, 4300, 2100, 177),
(26582.0, 4300, 2100, 178),
(37941.5, 4300, 2100, 179),
(26582.0, 4300, 2100, 180),
(22679.0, 4300, 2100, 181),
(26578.0, 4300, 2100, 182),
(38850.0, 4300, 2100, 185),
(22662.0, 4300, 2100, 186),
(37018.0, 4300, 2100, 187),
(26574.0, 4300, 2100, 188),
(22415.0, 4300, 2100, 151),
(24358.0, 4300, 2100, 152),
(22742.0, 4300, 2100, 153),
(26971.0, 4300, 2100, 154),
(22431.0, 4300, 2100, 158),
(26329.0, 4300, 2100, 159),
(26336.0, 4300, 2100, 164),
(28615.0, 4300, 2100, 165),
(22677.0, 4300, 2100, 168),
(26575.0, 4300, 2100, 169),
(22466.0, 4300, 2100, 170),
(38869.5, 4300, 2100, 171),
(37033.75, 4300, 2100, 172),
(38865.75, 4300, 2100, 173),
(26584.0, 4300, 2100, 176),
(22661.0, 4300, 2100, 177),
(26582.0, 4300, 2100, 178),
(37972.75, 4300, 2100, 179),
(26582.0, 4300, 2100, 180),
(22679.0, 4300, 2100, 181),
(26578.0, 4300, 2100, 182),
(38952.0, 4300, 2100, 185),
(22662.0, 4300, 2100, 186),
(37910.25, 4300, 2100, 187),
(26574.0, 4300, 2100, 188),
(23966.0, 4300, 2300, 169),
(22663.0, 4300, 2300, 173),
(22665.0, 4300, 2300, 176),
(43166.0, 4300, 2300, 185),
(39804.5, 4300, 2300, 187),
(26574.0, 4300, 2300, 188),
(22665.0, 4300, 2300, 190),
(22665.0, 4300, 2300, 162),
(22682.0, 4300, 2300, 177),
(26577.0, 4300, 2300, 179),
(37945.25, 4300, 2300, 180),
(40785.25, 4300, 2300, 185),
(26574.0, 4300, 2300, 188),
(22683.0, 4300, 2300, 190),
(39858.25, 4300, 2300, 152),
(484368.25, 4300, 2300, 153),
(72060.25, 4300, 2300, 156),
(612250.5, 4300, 2300, 157),
(22683.0, 4300, 2300, 162),
(307.0, 4300, 2300, 164),
(12283.0, 4300, 2300, 166),
(22681.0, 4300, 2300, 173),
(26575.0, 4300, 2300, 175),
(38863.5, 4300, 2300, 176),
(22664.0, 4300, 2300, 177),
(39159.25, 4300, 2300, 178),
(22663.0, 4300, 2300, 187),
(26574.0, 4300, 2300, 188),
(37934.25, 4300, 2300, 189),
(496308.5, 4300, 2300, 190),
(53577.0, 4300, 2700, 150),
(1320093.25, 4300, 2700, 151),
(22411.0, 4300, 2700, 151),
(26968.0, 4300, 2700, 153),
(40258.75, 4300, 2700, 157),
(1307260.75, 4300, 2700, 158),
(26326.0, 4300, 2700, 158),
(37029.0, 4300, 2700, 162),
(1314592.25, 4300, 2700, 163),
(53743.0, 4300, 2700, 164),
(701690.75, 4300, 2700, 165),
(28615.0, 4300, 2700, 165),
(38845.0, 4300, 2700, 167),
(1173935.5, 4300, 2700, 168),
(22677.0, 4300, 2700, 168),
(22663.0, 4300, 2700, 170),
(26575.0, 4300, 2700, 171),
(37935.0, 4300, 2700, 172),
(38837.25, 4300, 2700, 176),
(1320379.25, 4300, 2700, 177),
(22659.0, 4300, 2700, 177),
(39782.5, 4300, 2700, 178),
(39770.5, 4300, 2700, 179),
(22662.0, 4300, 2700, 180),
(26575.0, 4300, 2700, 181),
(38867.5, 4300, 2700, 185),
(1176806.75, 4300, 2700, 186),
(52618.0, 4300, 2700, 186),
(26574.0, 4300, 2700, 188),
(40036.0, 4300, 2700, 190),
(1329692.0, 4300, 2700, 151),
(22411.0, 4300, 2700, 151),
(26968.0, 4300, 2700, 153),
(40859.25, 4300, 2700, 157),
(1314629.0, 4300, 2700, 158),
(26326.0, 4300, 2700, 158),
(40239.25, 4300, 2700, 162),
(1136931.75, 4300, 2700, 163),
(89245.75, 4300, 2700, 164),
(754977.5, 4300, 2700, 165),
(28615.0, 4300, 2700, 165),
(38873.75, 4300, 2700, 167),
(1108407.75, 4300, 2700, 168),
(22659.0, 4300, 2700, 168),
(22681.0, 4300, 2700, 170),
(26575.0, 4300, 2700, 171),
(39126.75, 4300, 2700, 172),
(39863.5, 4300, 2700, 176),
(1296324.5, 4300, 2700, 177),
(22659.0, 4300, 2700, 177),
(38824.25, 4300, 2700, 178),
(37911.25, 4300, 2700, 179),
(26575.0, 4300, 2700, 181),
(38144.5, 4300, 2700, 185),
(1333070.0, 4300, 2700, 186),
(52506.5, 4300, 2700, 186),
(26574.0, 4300, 2700, 188),
(40840.75, 4300, 2700, 190),
(1309939.0, 4300, 2700, 151),
(22411.0, 4300, 2700, 151),
(26968.0, 4300, 2700, 153),
(37024.5, 4300, 2700, 157),
(1330223.25, 4300, 2700, 158),
(26326.0, 4300, 2700, 158),
(39170.75, 4300, 2700, 162),
(1292466.75, 4300, 2700, 163),
(156188.0, 4300, 2700, 164),
(760467.75, 4300, 2700, 165),
(28615.0, 4300, 2700, 165),
(38866.5, 4300, 2700, 167),
(1247385.0, 4300, 2700, 168),
(22677.0, 4300, 2700, 168),
(22663.0, 4300, 2700, 170),
(26575.0, 4300, 2700, 171),
(37940.75, 4300, 2700, 172),
(39776.75, 4300, 2700, 176),
(1300143.0, 4300, 2700, 177),
(22659.0, 4300, 2700, 177),
(37935.5, 4300, 2700, 178),
(37031.5, 4300, 2700, 179),
(22662.0, 4300, 2700, 180),
(26575.0, 4300, 2700, 181),
(39996.25, 4300, 2700, 185),
(1226190.25, 4300, 2700, 186),
(51498.25, 4300, 2700, 186),
(26574.0, 4300, 2700, 188),
(40028.25, 4300, 2700, 190),
(1297876.5, 4300, 2000, 150),
(51459.75, 4300, 2000, 150),
(1324741.75, 4300, 2000, 151),
(22411.0, 4300, 2000, 151),
(26968.0, 4300, 2000, 153),
(28843.0, 4300, 2000, 157),
(26326.0, 4300, 2000, 158),
(39953.5, 4300, 2000, 162),
(1297077.25, 4300, 2000, 163),
(28615.0, 4300, 2000, 165),
(28599.0, 4300, 2000, 167),
(22677.0, 4300, 2000, 168),
(22663.0, 4300, 2000, 170),
(26575.0, 4300, 2000, 171),
(37940.25, 4300, 2000, 172),
(38911.75, 4300, 2000, 176),
(1255713.0, 4300, 2000, 177),
(22659.0, 4300, 2000, 177),
(37041.75, 4300, 2000, 178),
(26576.0, 4300, 2000, 179),
(26575.0, 4300, 2000, 181),
(38841.5, 4300, 2000, 185),
(1311164.5, 4300, 2000, 186),
(49387.75, 4300, 2000, 186),
(26574.0, 4300, 2000, 188),
(37043.75, 4300, 2000, 190),
(1288978.0, 4300, 2000, 151),
(22411.0, 4300, 2000, 151),
(26968.0, 4300, 2000, 153),
(43454.0, 4300, 2000, 157),
(1303503.25, 4300, 2000, 158),
(26326.0, 4300, 2000, 158),
(37016.75, 4300, 2000, 162),
(1332114.0, 4300, 2000, 163),
(47106.75, 4300, 2000, 164),
(657460.75, 4300, 2000, 165),
(28615.0, 4300, 2000, 165),
(28599.0, 4300, 2000, 167),
(22677.0, 4300, 2000, 168),
(22663.0, 4300, 2000, 170),
(26575.0, 4300, 2000, 171),
(37021.0, 4300, 2000, 172),
(39801.75, 4300, 2000, 176),
(1240941.0, 4300, 2000, 177),
(22659.0, 4300, 2000, 177),
(39793.0, 4300, 2000, 178),
(26576.0, 4300, 2000, 179),
(26575.0, 4300, 2000, 181),
(38969.75, 4300, 2000, 185),
(1308180.5, 4300, 2000, 186),
(52618.0, 4300, 2000, 186),
(26574.0, 4300, 2000, 188),
(38859.5, 4300, 2000, 190),
(1321123.5, 4300, 2000, 151),
(22411.0, 4300, 2000, 151),
(26968.0, 4300, 2000, 153),
(36998.75, 4300, 2000, 157),
(1325768.5, 4300, 2000, 158),
(26326.0, 4300, 2000, 158),
(41647.0, 4300, 2000, 162),
(1328547.75, 4300, 2000, 163),
(48685.0, 4300, 2000, 164),
(695126.0, 4300, 2000, 165),
(28615.0, 4300, 2000, 165),
(28599.0, 4300, 2000, 167),
(22677.0, 4300, 2000, 168),
(22663.0, 4300, 2000, 170),
(26575.0, 4300, 2000, 171),
(38858.5, 4300, 2000, 172),
(39745.75, 4300, 2000, 176),
(1225263.25, 4300, 2000, 177),
(22659.0, 4300, 2000, 177),
(37960.5, 4300, 2000, 178),
(37938.0, 4300, 2000, 179),
(26575.0, 4300, 2000, 181),
(40671.25, 4300, 2000, 185),
(1316457.5, 4300, 2000, 186),
(49723.5, 4300, 2000, 186),
(26574.0, 4300, 2000, 188),
(39886.5, 4300, 2000, 190),
(1329386.0, 4300, 2100, 150),
(22433.0, 4300, 2100, 151),
(24358.0, 4300, 2100, 152),
(22724.0, 4300, 2100, 153),
(37389.75, 4300, 2100, 154),
(1221859.25, 4300, 2100, 155),
(22431.0, 4300, 2100, 158),
(26329.0, 4300, 2100, 159),
(26336.0, 4300, 2100, 164),
(28615.0, 4300, 2100, 165),
(22677.0, 4300, 2100, 168),
(26575.0, 4300, 2100, 169),
(22466.0, 4300, 2100, 170),
(38858.5, 4300, 2100, 171),
(38856.0, 4300, 2100, 172),
(38855.25, 4300, 2100, 173),
(26584.0, 4300, 2100, 176),
(22661.0, 4300, 2100, 177),
(26582.0, 4300, 2100, 178),
(37909.0, 4300, 2100, 179),
(26582.0, 4300, 2100, 180),
(22679.0, 4300, 2100, 181),
(38259.25, 4300, 2100, 182),
(1065213.5, 4300, 2100, 183),
(48955.75, 4300, 2100, 185),
(22662.0, 4300, 2100, 186),
(37035.0, 4300, 2100, 187),
(26574.0, 4300, 2100, 188),
(22415.0, 4300, 2100, 151),
(24358.0, 4300, 2100, 152),
(22742.0, 4300, 2100, 153),
(38869.0, 4300, 2100, 154),
(1133384.5, 4300, 2100, 155),
(22431.0, 4300, 2100, 158),
(26329.0, 4300, 2100, 159),
(26336.0, 4300, 2100, 164),
(28615.0, 4300, 2100, 165),
(22677.0, 4300, 2100, 168),
(26575.0, 4300, 2100, 169),
(22466.0, 4300, 2100, 170),
(37918.75, 4300, 2100, 171),
(38864.0, 4300, 2100, 172),
(38844.25, 4300, 2100, 173),
(26584.0, 4300, 2100, 176),
(22661.0, 4300, 2100, 177),
(26582.0, 4300, 2100, 178),
(37044.75, 4300, 2100, 179),
(26582.0, 4300, 2100, 180),
(22679.0, 4300, 2100, 181),
(26578.0, 4300, 2100, 182),
(37021.75, 4300, 2100, 185),
(22662.0, 4300, 2100, 186),
(37217.0, 4300, 2100, 187),
(26574.0, 4300, 2100, 188),
(22415.0, 4300, 2100, 151),
(24358.0, 4300, 2100, 152),
(22742.0, 4300, 2100, 153),
(37019.25, 4300, 2100, 154),
(1109297.0, 4300, 2100, 155),
(22431.0, 4300, 2100, 158),
(26329.0, 4300, 2100, 159),
(26336.0, 4300, 2100, 164),
(28615.0, 4300, 2100, 165),
(22677.0, 4300, 2100, 168),
(26575.0, 4300, 2100, 169),
(22466.0, 4300, 2100, 170),
(37939.75, 4300, 2100, 171),
(37929.25, 4300, 2100, 172),
(39778.0, 4300, 2100, 173),
(26584.0, 4300, 2100, 176),
(22661.0, 4300, 2100, 177),
(26582.0, 4300, 2100, 178),
(38841.0, 4300, 2100, 179),
(26582.0, 4300, 2100, 180),
(22679.0, 4300, 2100, 181),
(26578.0, 4300, 2100, 182),
(22680.0, 4300, 2100, 186),
(38911.25, 4300, 2100, 187),
(26574.0, 4300, 2100, 188),
(174135.5, 4300, 2300, 155),
(26575.0, 4300, 2300, 175),
(22683.0, 4300, 2300, 176),
(22664.0, 4300, 2300, 177),
(26577.0, 4300, 2300, 179),
(24345.0, 4300, 2300, 163),
(209.0, 4300, 2300, 164),
(49219.75, 4300, 2300, 178),
(48705.0, 4300, 2300, 185),
(22663.0, 4300, 2300, 187),
(22665.0, 4300, 2300, 190),
(22413.0, 4300, 2300, 157),
(43458.75, 4300, 2300, 161),
(595868.5, 4300, 2300, 162),
(22683.0, 4300, 2300, 162),
(44103.0, 4300, 2300, 173),
(1314609.5, 4300, 2300, 174),
(26575.0, 4300, 2300, 175),
(22665.0, 4300, 2300, 176),
(22682.0, 4300, 2300, 177),
(41929.75, 4300, 2300, 188),
(1305358.25, 4300, 2300, 189),
(56130.25, 4300, 2300, 189),
(731931.5, 4300, 2300, 190),
(22745.0, 4300, 2400, 150),
(26663.0, 4300, 2400, 151),
(26640.0, 4300, 2400, 152),
(39783.75, 4300, 2400, 153),
(1304486.5, 4300, 2400, 154),
(46265.75, 4300, 2400, 156),
(628839.75, 4300, 2400, 157),
(22413.0, 4300, 2400, 157),
(38866.0, 4300, 2400, 158),
(1303515.25, 4300, 2400, 159),
(50446.5, 4300, 2400, 159),
(752305.75, 4300, 2400, 160),
(22665.0, 4300, 2400, 162),
(22667.0, 4300, 2400, 163),
(26332.0, 4300, 2400, 164),
(40024.5, 4300, 2400, 166),
(1222633.75, 4300, 2400, 167),
(22677.0, 4300, 2400, 167),
(26576.0, 4300, 2400, 169),
(37961.75, 4300, 2400, 171),
(1306534.25, 4300, 2400, 172),
(52427.5, 4300, 2400, 173),
(1558487.75, 4300, 2400, 174),
(42534.25, 4300, 2400, 175),
(659220.25, 4300, 2400, 176),
(22683.0, 4300, 2400, 176),
(22664.0, 4300, 2400, 177),
(39782.0, 4300, 2400, 178),
(26580.0, 4300, 2400, 179),
(26578.0, 4300, 2400, 180),
(38182.75, 4300, 2400, 181),
(1214646.5, 4300, 2400, 182),
(26572.0, 4300, 2400, 182),
(38880.5, 4300, 2400, 185),
(38849.25, 4300, 2400, 186),
(1409512.5, 4300, 2400, 187),
(26574.0, 4300, 2400, 188),
(38873.0, 4300, 2400, 189),
(458744.0, 4300, 2400, 190),
(22665.0, 4300, 2400, 190),
(26663.0, 4300, 2400, 151),
(26640.0, 4300, 2400, 152),
(38857.0, 4300, 2400, 153),
(1287149.5, 4300, 2400, 154),
(41691.25, 4300, 2400, 156),
(615949.0, 4300, 2400, 157),
(22413.0, 4300, 2400, 157),
(39772.75, 4300, 2400, 158),
(1393783.0, 4300, 2400, 159),
(48374.75, 4300, 2400, 159),
(708043.5, 4300, 2400, 160),
(22665.0, 4300, 2400, 162),
(22667.0, 4300, 2400, 163),
(26332.0, 4300, 2400, 164),
(38867.25, 4300, 2400, 166),
(1430662.0, 4300, 2400, 167),
(22677.0, 4300, 2400, 167),
(26576.0, 4300, 2400, 169),
(39932.0, 4300, 2400, 171),
(1370984.75, 4300, 2400, 172),
(46210.25, 4300, 2400, 173),
(1434316.0, 4300, 2400, 174),
(43469.5, 4300, 2400, 175),
(702496.25, 4300, 2400, 176),
(22683.0, 4300, 2400, 176),
(22664.0, 4300, 2400, 177),
(37933.75, 4300, 2400, 178),
(26580.0, 4300, 2400, 179),
(26578.0, 4300, 2400, 180),
(38844.5, 4300, 2400, 181),
(1305438.75, 4300, 2400, 182),
(26572.0, 4300, 2400, 182),
(37918.25, 4300, 2400, 185),
(38862.75, 4300, 2400, 186),
(1322069.75, 4300, 2400, 187),
(26574.0, 4300, 2400, 188),
(38903.0, 4300, 2400, 189),
(436505.25, 4300, 2400, 190),
(22683.0, 4300, 2400, 190),
(26663.0, 4300, 2400, 151),
(26640.0, 4300, 2400, 152),
(39766.5, 4300, 2400, 153),
(1316404.75, 4300, 2400, 154),
(65145.5, 4300, 2400, 156),
(662950.75, 4300, 2400, 157),
(22413.0, 4300, 2400, 157),
(39761.0, 4300, 2400, 158),
(1380896.0, 4300, 2400, 159),
(51777.75, 4300, 2400, 159),
(766933.0, 4300, 2400, 160),
(22665.0, 4300, 2400, 162),
(22667.0, 4300, 2400, 163),
(26332.0, 4300, 2400, 164),
(38855.25, 4300, 2400, 166),
(1310919.5, 4300, 2400, 167),
(22677.0, 4300, 2400, 167),
(26576.0, 4300, 2400, 169),
(38015.5, 4300, 2400, 171),
(1365723.5, 4300, 2400, 172),
(45549.5, 4300, 2400, 173),
(1434854.25, 4300, 2400, 174),
(44765.0, 4300, 2400, 175),
(677648.5, 4300, 2400, 176),
(22683.0, 4300, 2400, 176),
(22664.0, 4300, 2400, 177),
(37119.5, 4300, 2400, 178),
(26580.0, 4300, 2400, 179),
(26578.0, 4300, 2400, 180),
(37905.25, 4300, 2400, 181),
(1358331.5, 4300, 2400, 182),
(26572.0, 4300, 2400, 182),
(38857.0, 4300, 2400, 185),
(37965.25, 4300, 2400, 186),
(1349553.0, 4300, 2400, 187),
(26574.0, 4300, 2400, 188),
(38855.5, 4300, 2400, 189),
(450278.5, 4300, 2400, 190),
(22683.0, 4300, 2400, 190),
(22433.0, 4300, 2600, 151),
(24358.0, 4300, 2600, 152),
(22724.0, 4300, 2600, 153),
(26971.0, 4300, 2600, 154),
(26330.0, 4300, 2600, 158),
(26329.0, 4300, 2600, 159),
(26336.0, 4300, 2600, 164),
(28615.0, 4300, 2600, 165),
(22681.0, 4300, 2600, 168),
(26391.0, 4300, 2600, 169),
(22662.0, 4300, 2600, 170),
(26574.0, 4300, 2600, 171),
(22681.0, 4300, 2600, 172),
(38852.5, 4300, 2600, 173),
(26584.0, 4300, 2600, 176),
(22665.0, 4300, 2600, 177),
(26580.0, 4300, 2600, 178),
(38863.5, 4300, 2600, 179),
(26582.0, 4300, 2600, 180),
(22661.0, 4300, 2600, 181),
(26578.0, 4300, 2600, 182),
(38866.5, 4300, 2600, 186),
(38867.25, 4300, 2600, 187),
(26574.0, 4300, 2600, 188),
(24358.0, 4300, 2600, 152),
(22724.0, 4300, 2600, 153),
(26971.0, 4300, 2600, 154),
(26330.0, 4300, 2600, 158),
(26329.0, 4300, 2600, 159),
(26336.0, 4300, 2600, 164),
(28615.0, 4300, 2600, 165),
(22679.0, 4300, 2600, 168),
(26391.0, 4300, 2600, 169),
(22662.0, 4300, 2600, 170),
(26574.0, 4300, 2600, 171),
(22681.0, 4300, 2600, 172),
(38885.0, 4300, 2600, 173),
(26584.0, 4300, 2600, 176),
(22679.0, 4300, 2600, 177),
(26580.0, 4300, 2600, 178),
(37928.25, 4300, 2600, 179),
(26582.0, 4300, 2600, 180),
(22661.0, 4300, 2600, 181),
(26578.0, 4300, 2600, 182),
(40712.75, 4300, 2600, 186),
(39817.75, 4300, 2600, 187),
(26574.0, 4300, 2600, 188),
(22433.0, 4300, 2600, 151),
(24358.0, 4300, 2600, 152),
(22724.0, 4300, 2600, 153),
(26971.0, 4300, 2600, 154),
(26330.0, 4300, 2600, 158),
(26329.0, 4300, 2600, 159),
(26336.0, 4300, 2600, 164),
(28615.0, 4300, 2600, 165),
(22679.0, 4300, 2600, 168),
(26377.0, 4300, 2600, 169),
(22662.0, 4300, 2600, 170),
(26574.0, 4300, 2600, 171),
(22681.0, 4300, 2600, 172),
(37930.0, 4300, 2600, 173),
(26584.0, 4300, 2600, 176),
(22665.0, 4300, 2600, 177),
(26580.0, 4300, 2600, 178),
(37947.0, 4300, 2600, 179),
(26582.0, 4300, 2600, 180),
(22661.0, 4300, 2600, 181),
(26578.0, 4300, 2600, 182),
(39772.25, 4300, 2600, 186),
(38854.25, 4300, 2600, 187),
(26574.0, 4300, 2600, 188),
(38849.25, 4300, 2700, 150),
(1279684.5, 4300, 2700, 151),
(22411.0, 4300, 2700, 151),
(26968.0, 4300, 2700, 153),
(38835.0, 4300, 2700, 157),
(1277733.5, 4300, 2700, 158),
(26326.0, 4300, 2700, 158),
(41619.75, 4300, 2700, 162),
(1352584.75, 4300, 2700, 163),
(41588.5, 4300, 2700, 164),
(665641.25, 4300, 2700, 165),
(28615.0, 4300, 2700, 165),
(39987.75, 4300, 2700, 167),
(1420666.75, 4300, 2700, 168),
(22677.0, 4300, 2700, 168),
(22663.0, 4300, 2700, 170),
(26575.0, 4300, 2700, 171),
(38836.0, 4300, 2700, 172),
(43585.5, 4300, 2700, 176),
(1366114.0, 4300, 2700, 177),
(22659.0, 4300, 2700, 177),
(39781.25, 4300, 2700, 178),
(39790.5, 4300, 2700, 179),
(22662.0, 4300, 2700, 180),
(26575.0, 4300, 2700, 181),
(39789.75, 4300, 2700, 185),
(1330295.75, 4300, 2700, 186),
(52618.0, 4300, 2700, 186),
(26574.0, 4300, 2700, 188),
(40689.75, 4300, 2700, 190),
(1382797.5, 4300, 2700, 151),
(22411.0, 4300, 2700, 151),
(26968.0, 4300, 2700, 153),
(42535.5, 4300, 2700, 157),
(1338568.5, 4300, 2700, 158),
(26326.0, 4300, 2700, 158),
(48056.25, 4300, 2700, 162),
(1392806.75, 4300, 2700, 163),
(53164.25, 4300, 2700, 164),
(712618.5, 4300, 2700, 165),
(28615.0, 4300, 2700, 165),
(37955.0, 4300, 2700, 167),
(1341708.5, 4300, 2700, 168),
(22659.0, 4300, 2700, 168),
(22681.0, 4300, 2700, 170),
(26575.0, 4300, 2700, 171),
(39792.0, 4300, 2700, 172),
(38923.75, 4300, 2700, 176),
(1282343.0, 4300, 2700, 177),
(22659.0, 4300, 2700, 177),
(37942.0, 4300, 2700, 178),
(37943.0, 4300, 2700, 179),
(22662.0, 4300, 2700, 180),
(26575.0, 4300, 2700, 181),
(37929.0, 4300, 2700, 185),
(1408554.5, 4300, 2700, 186),
(52618.0, 4300, 2700, 186),
(26574.0, 4300, 2700, 188),
(37955.25, 4300, 2700, 190),
(1375836.5, 4300, 2700, 151),
(22411.0, 4300, 2700, 151),
(26968.0, 4300, 2700, 153),
(38919.75, 4300, 2700, 157),
(1332962.75, 4300, 2700, 158),
(26326.0, 4300, 2700, 158),
(37979.75, 4300, 2700, 162),
(1392100.75, 4300, 2700, 163),
(45515.25, 4300, 2700, 164),
(667076.25, 4300, 2700, 165),
(28615.0, 4300, 2700, 165),
(37011.75, 4300, 2700, 167),
(1325608.75, 4300, 2700, 168),
(22677.0, 4300, 2700, 168),
(22663.0, 4300, 2700, 170),
(26575.0, 4300, 2700, 171),
(38844.75, 4300, 2700, 172),
(38001.0, 4300, 2700, 176),
(1327593.25, 4300, 2700, 177),
(22659.0, 4300, 2700, 177),
(38852.25, 4300, 2700, 178),
(37087.25, 4300, 2700, 179),
(22662.0, 4300, 2700, 180),
(26575.0, 4300, 2700, 181),
(38856.0, 4300, 2700, 185),
(1295302.0, 4300, 2700, 186),
(50664.5, 4300, 2700, 186),
(26574.0, 4300, 2700, 188),
(38988.75, 4300, 2700, 190),
(1243680.0, 4300, 2800, 150),
(28842.0, 4300, 2800, 150),
(26968.0, 4300, 2800, 153),
(26968.0, 4300, 2800, 154),
(28843.0, 4300, 2800, 157),
(26575.0, 4300, 2800, 171),
(38840.5, 4300, 2800, 172),
(28843.0, 4300, 2800, 176),
(37023.75, 4300, 2800, 178),
(26575.0, 4300, 2800, 179),
(26575.0, 4300, 2800, 181),
(26575.0, 4300, 2800, 182),
(28843.0, 4300, 2800, 185),
(38862.0, 4300, 2800, 186),
(36993.0, 4300, 2800, 187),
(28843.0, 4300, 2800, 190),
(26968.0, 4300, 2800, 153),
(26968.0, 4300, 2800, 154),
(28843.0, 4300, 2800, 157),
(28599.0, 4300, 2800, 167),
(26575.0, 4300, 2800, 171),
(40536.0, 4300, 2800, 172),
(28843.0, 4300, 2800, 176),
(38828.25, 4300, 2800, 178),
(26575.0, 4300, 2800, 179),
(26575.0, 4300, 2800, 181),
(28843.0, 4300, 2800, 185),
(37939.75, 4300, 2800, 186),
(37955.5, 4300, 2800, 187),
(28843.0, 4300, 2800, 190),
(26968.0, 4300, 2800, 153),
(26968.0, 4300, 2800, 154),
(28843.0, 4300, 2800, 157),
(28599.0, 4300, 2800, 167),
(26575.0, 4300, 2800, 171),
(39805.25, 4300, 2800, 172),
(28843.0, 4300, 2800, 176),
(37226.0, 4300, 2800, 178),
(26575.0, 4300, 2800, 179),
(26575.0, 4300, 2800, 181),
(26575.0, 4300, 2800, 182),
(28843.0, 4300, 2800, 185),
(38860.5, 4300, 2800, 186),
(39782.5, 4300, 2800, 187),
(28843.0, 4300, 2800, 190),
