(0.03114499999992404, 1, 45332.75, 4300, 2100, 100),
(544159.75, 4300, 2100, 101),
(7.8733179999999265, 3, 26321.0, 4300, 2100, 102),
(7.955630999999812, 4, 28600.0, 4300, 2100, 103),
(8.08948700000019, 7, 22677.0, 4300, 2100, 106),
(8.156688000000031, 8, 26575.0, 4300, 2100, 107),
(8.224318999999923, 9, 22425.0, 4300, 2100, 108),
(8.290495000000192, 10, 39765.5, 4300, 2100, 109),
(8.35985299999993, 11, 39758.25, 4300, 2100, 110),
(8.424931999999899, 12, 37924.75, 4300, 2100, 111),
(8.557574000000386, 15, 26584.0, 4300, 2100, 114),
(8.625965000000178, 16, 22679.0, 4300, 2100, 115),
(8.692425999999614, 17, 26582.0, 4300, 2100, 116),
(8.760454999999638, 18, 37943.75, 4300, 2100, 117),
(8.827965999999833, 19, 26582.0, 4300, 2100, 118),
(8.89443399999982, 20, 22661.0, 4300, 2100, 119),
(8.961076999999932, 21, 26578.0, 4300, 2100, 120),
(9.093439999999646, 24, 37019.5, 4300, 2100, 123),
(9.162322000000131, 25, 22680.0, 4300, 2100, 124),
(9.227549000000181, 26, 37928.0, 4300, 2100, 125),
(9.29618599999958, 27, 26574.0, 4300, 2100, 126),
(9.426210999999967, 30, 22678.0, 4300, 2100, 129),
(9.493075000000317, 31, 26582.0, 4300, 2100, 130),
(9.561419999999998, 32, 22684.0, 4300, 2100, 131),
(9.629318999999668, 33, 22666.0, 4300, 2100, 132),
(9.697312000000238, 34, 22677.0, 4300, 2100, 133),
(9.762926999999763, 35, 37930.75, 4300, 2100, 134),
(1043964.5, 4300, 2100, 135),
(17.7029050000001, 39, 22429.0, 4300, 2100, 138),
(17.822175999999672, 41, 507.0, 4300, 2100, 140),
(19.13842199999999, 42, 22724.0, 4300, 2100, 141),
(19.21015299999999, 43, 38843.5, 4300, 2100, 142),
(1041191.25, 4300, 2100, 143),
(27.16050399999949, 47, 22739.0, 4300, 2100, 146),
(27.241124000000127, 48, 26330.0, 4300, 2100, 147),
(27.407200999999986, 52, 22433.0, 4300, 2100, 151),
(27.476184999999532, 53, 24358.0, 4300, 2100, 152),
(27.545460000000276, 54, 22724.0, 4300, 2100, 153),
(27.611732000000302, 55, 37909.0, 4300, 2100, 154),
(1046700.0, 4300, 2100, 155),
(35.66474199999993, 59, 22431.0, 4300, 2100, 158),
(35.746767999999975, 60, 26329.0, 4300, 2100, 159),
(35.96802899999966, 65, 26336.0, 4300, 2100, 164),
(36.03616899999997, 66, 28615.0, 4300, 2100, 165),
(36.16866800000025, 69, 22677.0, 4300, 2100, 168),
(36.23780600000009, 70, 26575.0, 4300, 2100, 169),
(36.305137000000286, 71, 22466.0, 4300, 2100, 170),
(36.37203099999988, 72, 37005.25, 4300, 2100, 171),
(36.43900200000007, 73, 37914.25, 4300, 2100, 172),
(36.5049939999999, 74, 37921.25, 4300, 2100, 173),
(36.63763399999971, 77, 26584.0, 4300, 2100, 176),
(36.70655100000022, 78, 22661.0, 4300, 2100, 177),
(36.772915999999896, 79, 26582.0, 4300, 2100, 178),
(36.84087499999987, 80, 37936.25, 4300, 2100, 179),
(36.90776499999993, 81, 26582.0, 4300, 2100, 180),
(36.973753999999644, 82, 22679.0, 4300, 2100, 181),
(37.04157200000009, 83, 26578.0, 4300, 2100, 182),
(37.17540399999962, 86, 39788.0, 4300, 2100, 185),
(37.247897000000194, 87, 22662.0, 4300, 2100, 186),
(37.31410700000015, 88, 39771.75, 4300, 2100, 187),
(1043964.0, 4300, 2100, 188),
(45.10660399999961, 89, 26574.0, 4300, 2100, 188),
(45.25372499999958, 92, 22678.0, 4300, 2100, 191),
(45.32662600000003, 93, 26582.0, 4300, 2100, 192),
(45.393825000000106, 94, 22684.0, 4300, 2100, 193),
(45.46010899999965, 95, 22666.0, 4300, 2100, 194),
(45.52694100000008, 96, 22677.0, 4300, 2100, 195),
(45.5944499999996, 97, 26577.0, 4300, 2100, 196),
(45.759219999999914, 101, 22473.0, 4300, 2100, 200),
(45.86069299999963, 103, 26321.0, 4300, 2100, 102),
(45.9299519999995, 104, 28600.0, 4300, 2100, 103),
(46.06319799999983, 107, 22659.0, 4300, 2100, 106),
(46.132464999999684, 108, 26575.0, 4300, 2100, 107),
(46.19956699999966, 109, 22407.0, 4300, 2100, 108),
(46.267071999999644, 110, 38842.75, 4300, 2100, 109),
(46.33444099999997, 111, 37019.25, 4300, 2100, 110),
(46.40294400000039, 112, 37934.25, 4300, 2100, 111),
(46.53567899999962, 115, 26584.0, 4300, 2100, 114),
(46.605405999999675, 116, 22661.0, 4300, 2100, 115),
(46.67369099999996, 117, 26582.0, 4300, 2100, 116),
(46.74110599999949, 118, 37918.75, 4300, 2100, 117),
(46.809581999999864, 119, 26582.0, 4300, 2100, 118),
(46.87683199999992, 120, 22679.0, 4300, 2100, 119),
(46.94456300000002, 121, 26578.0, 4300, 2100, 120),
(47.07694999999967, 124, 37000.0, 4300, 2100, 123),
(47.14568799999961, 125, 22662.0, 4300, 2100, 124),
(47.21406999999999, 126, 37933.75, 4300, 2100, 125),
(1037516.0, 4300, 2100, 126),
(55.11377600000014, 127, 26574.0, 4300, 2100, 126),
(55.263906000000134, 130, 22678.0, 4300, 2100, 129),
(55.336027000000286, 131, 26582.0, 4300, 2100, 130),
(55.40606200000002, 132, 22684.0, 4300, 2100, 131),
(55.47440199999983, 133, 22666.0, 4300, 2100, 132),
(55.539278000000195, 134, 22677.0, 4300, 2100, 133),
(55.607286999999815, 135, 26577.0, 4300, 2100, 134),
(55.77268499999991, 139, 22411.0, 4300, 2100, 138),
(55.87690699999985, 141, 507.0, 4300, 2100, 140),
(57.22181499999988, 142, 22742.0, 4300, 2100, 141),
(57.292625000000044, 143, 36996.25, 4300, 2100, 142),
(1048547.75, 4300, 2100, 143),
(65.13506599999982, 147, 22721.0, 4300, 2100, 146),
(65.20135599999958, 148, 26330.0, 4300, 2100, 147),
(65.36657300000024, 152, 22415.0, 4300, 2100, 151),
(65.43583200000012, 153, 24358.0, 4300, 2100, 152),
(65.50393900000017, 154, 22742.0, 4300, 2100, 153),
(65.57119700000021, 155, 37939.25, 4300, 2100, 154),
(1031084.75, 4300, 2100, 155),
(73.44941300000028, 159, 22431.0, 4300, 2100, 158),
(73.52929500000027, 160, 26329.0, 4300, 2100, 159),
(73.74892199999977, 165, 26336.0, 4300, 2100, 164),
(73.81732099999954, 166, 28615.0, 4300, 2100, 165),
(73.95040900000004, 169, 22677.0, 4300, 2100, 168),
(74.01867599999969, 170, 26575.0, 4300, 2100, 169),
(74.08776500000022, 171, 22466.0, 4300, 2100, 170),
(74.15400799999952, 172, 36986.75, 4300, 2100, 171),
(74.22341599999982, 173, 37910.0, 4300, 2100, 172),
(74.29112999999961, 174, 37021.0, 4300, 2100, 173),
(74.42196100000001, 177, 26584.0, 4300, 2100, 176),
(74.49141400000008, 178, 22661.0, 4300, 2100, 177),
(74.55979300000035, 179, 26582.0, 4300, 2100, 178),
(74.62673600000016, 180, 38853.0, 4300, 2100, 179),
(74.69300699999985, 181, 26582.0, 4300, 2100, 180),
(74.76051199999984, 182, 22679.0, 4300, 2100, 181),
(74.82700599999953, 183, 26578.0, 4300, 2100, 182),
(74.95965400000023, 186, 37006.0, 4300, 2100, 185),
(75.02789099999973, 187, 22662.0, 4300, 2100, 186),
(75.09600799999953, 188, 37005.0, 4300, 2100, 187),
(993329.75, 4300, 2100, 188),
(82.96202400000038, 189, 26574.0, 4300, 2100, 188),
(83.09865999999965, 192, 22678.0, 4300, 2100, 191),
(83.16700200000014, 193, 26582.0, 4300, 2100, 192),
(83.2577540000002, 194, 22684.0, 4300, 2100, 193),
(83.3266309999999, 195, 22666.0, 4300, 2100, 194),
(83.39597099999992, 196, 22677.0, 4300, 2100, 195),
(83.46309999999994, 197, 38828.5, 4300, 2100, 196),
(1021851.25, 4300, 2100, 197),
(91.32183600000008, 201, 22491.0, 4300, 2100, 200),
(91.4306660000002, 203, 26321.0, 4300, 2100, 102),
(91.5009199999995, 204, 28600.0, 4300, 2100, 103),
(91.63529899999958, 207, 22677.0, 4300, 2100, 106),
(91.70404599999983, 208, 26575.0, 4300, 2100, 107),
(91.77177399999982, 209, 22425.0, 4300, 2100, 108),
(91.83935199999996, 210, 38839.75, 4300, 2100, 109),
(91.90754899999956, 211, 37935.5, 4300, 2100, 110),
(91.97453299999961, 212, 37938.75, 4300, 2100, 111),
(92.10502199999974, 215, 26584.0, 4300, 2100, 114),
(92.17290299999968, 216, 22679.0, 4300, 2100, 115),
(92.2395489999999, 217, 26582.0, 4300, 2100, 116),
(92.30652399999963, 218, 37945.0, 4300, 2100, 117),
(92.3739029999997, 219, 26582.0, 4300, 2100, 118),
(92.44166399999995, 220, 22661.0, 4300, 2100, 119),
(92.50917899999968, 221, 37040.5, 4300, 2100, 120),
(1037520.5, 4300, 2100, 121),
(100.37634900000012, 224, 41764.75, 4300, 2100, 123),
(100.45751899999959, 225, 22662.0, 4300, 2100, 124),
(100.5305330000001, 226, 40685.0, 4300, 2100, 125),
(1052237.0, 4300, 2100, 126),
(108.30001600000014, 227, 26574.0, 4300, 2100, 126),
(108.44719299999997, 230, 22678.0, 4300, 2100, 129),
(108.51943399999982, 231, 26582.0, 4300, 2100, 130),
(108.58996300000035, 232, 22684.0, 4300, 2100, 131),
(108.65855399999964, 233, 22666.0, 4300, 2100, 132),
(108.72706000000017, 234, 22677.0, 4300, 2100, 133),
(108.79504900000029, 235, 37958.5, 4300, 2100, 134),
(1066057.0, 4300, 2100, 135),
(116.69296200000008, 239, 22429.0, 4300, 2100, 138),
(116.83627100000012, 241, 507.0, 4300, 2100, 140),
(118.14590899999985, 242, 22742.0, 4300, 2100, 141),
(118.21664299999975, 243, 26909.0, 4300, 2100, 142),
(118.38237599999957, 247, 22739.0, 4300, 2100, 146),
(118.45161800000005, 248, 26330.0, 4300, 2100, 147),
(118.61788499999966, 252, 22433.0, 4300, 2100, 151),
(118.68686999999954, 253, 24358.0, 4300, 2100, 152),
(118.75503000000026, 254, 22724.0, 4300, 2100, 153),
(118.82411299999967, 255, 37932.0, 4300, 2100, 154),
(1021848.25, 4300, 2100, 155),
(126.70432100000016, 259, 22431.0, 4300, 2100, 158),
(126.78094899999996, 260, 26329.0, 4300, 2100, 159),
(127.00181199999952, 265, 26336.0, 4300, 2100, 164),
(127.06809700000031, 266, 28615.0, 4300, 2100, 165),
(127.20055899999988, 269, 22677.0, 4300, 2100, 168),
(127.26783199999954, 270, 26575.0, 4300, 2100, 169),
(127.33531399999993, 271, 22466.0, 4300, 2100, 170),
(127.4039329999996, 272, 37023.75, 4300, 2100, 171),
(127.47180800000024, 273, 38880.0, 4300, 2100, 172),
(127.6385849999997, 277, 26584.0, 4300, 2100, 176),
(127.7088219999996, 278, 22679.0, 4300, 2100, 177),
(127.77743999999984, 279, 26582.0, 4300, 2100, 178),
(127.8453099999997, 280, 37934.5, 4300, 2100, 179),
(127.91390899999988, 281, 26582.0, 4300, 2100, 180),
(127.98155700000007, 282, 22661.0, 4300, 2100, 181),
(128.0491839999995, 283, 26578.0, 4300, 2100, 182),
(128.1810770000002, 286, 35200.75, 4300, 2100, 185),
(128.25092800000039, 287, 22680.0, 4300, 2100, 186),
(128.31954099999984, 288, 37004.0, 4300, 2100, 187),
(128.38768400000026, 289, 26574.0, 4300, 2100, 188),
(128.5196759999999, 292, 22678.0, 4300, 2100, 191),
(128.58780899999965, 293, 26582.0, 4300, 2100, 192),
(128.6555529999996, 294, 22684.0, 4300, 2100, 193),
(128.72359099999994, 295, 22666.0, 4300, 2100, 194),
(128.79117899999983, 296, 22677.0, 4300, 2100, 195),
(128.85692999999992, 297, 26577.0, 4300, 2100, 196),
(129.02104899999995, 301, 22473.0, 4300, 2100, 200),
(139.7905380000002, 603, 22665.0, 4300, 2300, 100),
(139.8706919999995, 604, 24282.0, 4300, 2300, 101),
(140.1392539999997, 611, 22402.0, 4300, 2300, 108),
(140.34310900000037, 616, 37945.0, 4300, 2300, 113),
(495373.75, 4300, 2300, 114),
(148.00674400000025, 617, 45745.5, 4300, 2300, 114),
(148.48262199999954, 630, 40827.5, 4300, 2300, 127),
(522087.25, 4300, 2300, 128),
(156.45320100000026, 640, 40767.75, 4300, 2300, 137),
(531470.75, 4300, 2300, 138),
(164.58423500000026, 653, 22745.0, 4300, 2300, 150),
(164.98207399999956, 664, 38910.25, 4300, 2300, 161),
(165.28159500000038, 672, 37921.0, 4300, 2300, 169),
(165.51822900000025, 678, 26769.0, 4300, 2300, 175),
(165.59159, 679, 39204.25, 4300, 2300, 176),
(165.65982900000017, 680, 22664.0, 4300, 2300, 177),
(165.72937399999955, 681, 39871.75, 4300, 2300, 178),
(165.9929519999996, 688, 38854.75, 4300, 2300, 185),
(166.0983269999997, 690, 22663.0, 4300, 2300, 187),
(166.20018999999957, 692, 23828.0, 4300, 2300, 189),
(166.3012179999996, 694, 22664.0, 4300, 2300, 191),
(166.36946699999953, 695, 26575.0, 4300, 2300, 192),
(166.6990969999997, 704, 24282.0, 4300, 2300, 101),
(166.77285200000006, 705, 147.0, 4300, 2300, 102),
(167.2073449999998, 714, 22663.0, 4300, 2300, 111),
(167.40924499999983, 719, 38827.75, 4300, 2300, 116),
(167.68450699999994, 726, 50010.0, 4300, 2300, 123),
(168.48006299999997, 748, 22432.0, 4300, 2300, 145),
(168.58394099999987, 750, 24363.0, 4300, 2300, 147),
(168.9472939999996, 760, 22431.0, 4300, 2300, 157),
(169.1692839999996, 765, 22683.0, 4300, 2300, 162),
(169.3344589999997, 769, 12271.0, 4300, 2300, 166),
(169.6814400000003, 776, 22681.0, 4300, 2300, 173),
(169.78239200000007, 778, 37934.75, 4300, 2300, 175),
(495392.5, 4300, 2300, 176),
(177.4223949999996, 780, 22664.0, 4300, 2300, 177),
(177.56977800000004, 783, 40718.75, 4300, 2300, 180),
(177.9440450000002, 793, 22683.0, 4300, 2300, 190),
(178.2848329999997, 802, 22664.0, 4300, 2300, 199),
(178.41947700000037, 805, 518.0, 4300, 2300, 102),
(179.70716900000025, 807, 39089.0, 4300, 2300, 104),
(180.03579499999978, 816, 26575.0, 4300, 2300, 113),
(180.10249099999965, 817, 22683.0, 4300, 2300, 114),
(180.20182300000033, 819, 37007.5, 4300, 2300, 116),
(180.46975399999974, 826, 39752.75, 4300, 2300, 123),
(180.64422399999967, 830, 38862.0, 4300, 2300, 127),
(476043.25, 4300, 2300, 128),
(189.05116699999962, 850, 23717.0, 4300, 2300, 147),
(189.18534799999998, 853, 22745.0, 4300, 2300, 150),
(189.44854699999996, 860, 22413.0, 4300, 2300, 157),
(189.6132289999996, 864, 39816.25, 4300, 2300, 161),
(454070.25, 4300, 2300, 162),
(197.87187499999982, 879, 22683.0, 4300, 2300, 176),
(198.04456899999968, 883, 37934.25, 4300, 2300, 180),
(198.24340399999983, 888, 37952.0, 4300, 2300, 185),
(198.44400700000006, 893, 22683.0, 4300, 2300, 190),
(198.509548, 894, 22664.0, 4300, 2300, 191),
(198.80421800000022, 902, 22682.0, 4300, 2300, 199),
(210.7786329999999, 1205, 37040.75, 4300, 2700, 100),
(1076171.25, 4300, 2700, 101),
(218.5107170000001, 1207, 37956.25, 4300, 2700, 102),
(507364.5, 4300, 2700, 103),
(226.1683149999999, 1208, 28600.0, 4300, 2700, 103),
(226.27791199999956, 1210, 37041.25, 4300, 2700, 105),
(1043968.0, 4300, 2700, 106),
(234.02900099999988, 1211, 22677.0, 4300, 2700, 106),
(234.13848700000017, 1213, 22680.0, 4300, 2700, 108),
(234.2074789999997, 1214, 26575.0, 4300, 2700, 109),
(234.27662099999998, 1215, 37046.75, 4300, 2700, 110),
(234.4438479999999, 1219, 37935.25, 4300, 2700, 114),
(1003495.25, 4300, 2700, 115),
(242.24334499999986, 1220, 22659.0, 4300, 2700, 115),
(242.3169170000001, 1221, 37058.5, 4300, 2700, 116),
(242.38469299999997, 1222, 37033.5, 4300, 2700, 117),
(242.4549189999998, 1223, 22662.0, 4300, 2700, 118),
(242.522105, 1224, 26575.0, 4300, 2700, 119),
(242.68584499999997, 1228, 37033.0, 4300, 2700, 123),
(1036625.75, 4300, 2700, 124),
(250.39287400000012, 1229, 52618.0, 4300, 2700, 124),
(250.50351299999966, 1231, 26574.0, 4300, 2700, 126),
(250.60350300000027, 1233, 37025.25, 4300, 2700, 128),
(1014532.5, 4300, 2700, 129),
(258.3242030000001, 1234, 22658.0, 4300, 2700, 129),
(258.4067210000003, 1235, 22680.0, 4300, 2700, 130),
(258.47730500000034, 1236, 22664.0, 4300, 2700, 131),
(258.54651300000023, 1237, 22661.0, 4300, 2700, 132),
(258.61271099999976, 1238, 26574.0, 4300, 2700, 133),
(258.7770609999998, 1242, 36103.25, 4300, 2700, 137),
(1032906.0, 4300, 2700, 138),
(266.53438300000016, 1243, 22429.0, 4300, 2700, 138),
(266.65281700000014, 1245, 38837.0, 4300, 2700, 140),
(1064198.75, 4300, 2700, 141),
