(7.8340079999998125, 2, 552.0, 4300, 2100, 101),
(8.024308000000019, 5, 287.0, 4300, 2100, 104),
(8.056931999999506, 6, 533.0, 4300, 2100, 105),
(8.492702999999892, 13, 532.0, 4300, 2100, 112),
(8.525190999999722, 14, 533.0, 4300, 2100, 113),
(9.028578999999809, 22, 531.0, 4300, 2100, 121),
(9.061059999999998, 23, 536.0, 4300, 2100, 122),
(9.360826999999517, 28, 533.0, 4300, 2100, 127),
(9.393694000000323, 29, 621.0, 4300, 2100, 128),
(17.598423999999795, 36, 531.0, 4300, 2100, 135),
(17.63547000000017, 37, 534.0, 4300, 2100, 136),
(17.668808999999783, 38, 620.0, 4300, 2100, 137),
(17.78863999999976, 40, 618.0, 4300, 2100, 139),
(27.046476999999868, 44, 531.0, 4300, 2100, 143),
(27.094348999999966, 45, 536.0, 4300, 2100, 144),
(27.127550000000156, 46, 621.0, 4300, 2100, 145),
(27.30982099999983, 49, 283.0, 4300, 2100, 148),
(27.34222299999965, 50, 471.0, 4300, 2100, 149),
(27.37469499999952, 51, 618.0, 4300, 2100, 150),
(35.51927700000033, 56, 531.0, 4300, 2100, 155),
(35.58858099999998, 57, 536.0, 4300, 2100, 156),
(35.621814999999515, 58, 619.0, 4300, 2100, 157),
(35.81652000000031, 61, 531.0, 4300, 2100, 160),
(35.848917000000256, 62, 533.0, 4300, 2100, 161),
(35.93538600000011, 64, 552.0, 4300, 2100, 163),
(36.10338700000011, 67, 349.0, 4300, 2100, 166),
(36.136005999999725, 68, 536.0, 4300, 2100, 167),
(36.572642999999516, 75, 532.0, 4300, 2100, 174),
(36.60513600000013, 76, 533.0, 4300, 2100, 175),
(37.10875699999997, 84, 531.0, 4300, 2100, 183),
(37.14115599999968, 85, 536.0, 4300, 2100, 184),
(45.18823499999962, 90, 533.0, 4300, 2100, 189),
(45.22110199999952, 91, 683.0, 4300, 2100, 190),
(45.661699000000226, 98, 531.0, 4300, 2100, 197),
(45.694344999999885, 99, 534.0, 4300, 2100, 198),
(45.726832999999715, 100, 682.0, 4300, 2100, 199),
(45.82823199999984, 102, 552.0, 4300, 2100, 101),
(45.99781100000018, 105, 287.0, 4300, 2100, 104),
(46.03068600000006, 106, 533.0, 4300, 2100, 105),
(46.47044399999959, 113, 532.0, 4300, 2100, 112),
(46.50286200000028, 114, 533.0, 4300, 2100, 113),
(47.01193299999977, 122, 531.0, 4300, 2100, 121),
(47.044576000000234, 123, 536.0, 4300, 2100, 122),
(55.19804099999965, 128, 533.0, 4300, 2100, 127),
(55.230782999999974, 129, 621.0, 4300, 2100, 128),
(55.674895000000106, 136, 531.0, 4300, 2100, 135),
(55.707384999999704, 137, 534.0, 4300, 2100, 136),
(55.740004000000226, 138, 620.0, 4300, 2100, 137),
(55.84427500000038, 140, 618.0, 4300, 2100, 139),
(65.01985700000023, 144, 531.0, 4300, 2100, 143),
(65.05243700000028, 145, 536.0, 4300, 2100, 144),
(65.10261199999968, 146, 621.0, 4300, 2100, 145),
(65.26882599999954, 149, 283.0, 4300, 2100, 148),
(65.30120400000033, 150, 471.0, 4300, 2100, 149),
(65.33406899999954, 151, 618.0, 4300, 2100, 150),
(73.3456269999997, 156, 531.0, 4300, 2100, 155),
(73.38007099999959, 157, 536.0, 4300, 2100, 156),
(73.41532900000038, 158, 619.0, 4300, 2100, 157),
(73.59989700000006, 161, 531.0, 4300, 2100, 160),
(73.632294, 162, 533.0, 4300, 2100, 161),
(73.71639799999957, 164, 552.0, 4300, 2100, 163),
(73.88529199999994, 167, 349.0, 4300, 2100, 166),
(73.91790200000014, 168, 536.0, 4300, 2100, 167),
(74.35677399999986, 175, 532.0, 4300, 2100, 174),
(74.38914300000033, 176, 533.0, 4300, 2100, 175),
(74.89475700000003, 184, 531.0, 4300, 2100, 183),
(74.9271689999996, 185, 536.0, 4300, 2100, 184),
(83.03197600000021, 190, 533.0, 4300, 2100, 189),
(83.06488199999967, 191, 683.0, 4300, 2100, 190),
(91.21482199999991, 198, 531.0, 4300, 2100, 197),
(91.25080199999957, 199, 534.0, 4300, 2100, 198),
(91.28771200000028, 200, 682.0, 4300, 2100, 199),
(91.39760599999954, 202, 552.0, 4300, 2100, 101),
(91.5700340000003, 205, 287.0, 4300, 2100, 104),
(91.60278199999993, 206, 533.0, 4300, 2100, 105),
(92.04027200000019, 213, 532.0, 4300, 2100, 112),
(92.07265199999983, 214, 533.0, 4300, 2100, 113),
(100.30336499999976, 222, 531.0, 4300, 2100, 121),
(100.34078099999988, 223, 536.0, 4300, 2100, 122),
(108.3818169999995, 228, 533.0, 4300, 2100, 127),
(108.41457199999968, 229, 621.0, 4300, 2100, 128),
(116.58929799999987, 236, 531.0, 4300, 2100, 135),
(116.62464999999975, 237, 534.0, 4300, 2100, 136),
(116.6593670000002, 238, 620.0, 4300, 2100, 137),
(118.28473699999995, 244, 531.0, 4300, 2100, 143),
(118.31750000000011, 245, 536.0, 4300, 2100, 144),
(118.34986000000026, 246, 621.0, 4300, 2100, 145),
(118.51923199999965, 249, 283.0, 4300, 2100, 148),
(118.55187500000011, 250, 471.0, 4300, 2100, 149),
(118.58538399999998, 251, 618.0, 4300, 2100, 150),
(126.60035299999981, 256, 531.0, 4300, 2100, 155),
(126.63561500000014, 257, 536.0, 4300, 2100, 156),
(126.67008299999998, 258, 619.0, 4300, 2100, 157),
(126.85206500000004, 261, 531.0, 4300, 2100, 160),
(126.88469299999997, 262, 533.0, 4300, 2100, 161),
(126.96932600000036, 264, 552.0, 4300, 2100, 163),
(127.13556400000016, 267, 349.0, 4300, 2100, 166),
(127.1680580000002, 268, 536.0, 4300, 2100, 167),
(127.5406809999995, 274, 533.0, 4300, 2100, 173),
(127.57357599999978, 275, 532.0, 4300, 2100, 174),
(127.60593400000016, 276, 533.0, 4300, 2100, 175),
(128.11643000000004, 284, 531.0, 4300, 2100, 183),
(128.14880999999968, 285, 536.0, 4300, 2100, 184),
(128.4544390000001, 290, 533.0, 4300, 2100, 189),
(128.4869319999998, 291, 683.0, 4300, 2100, 190),
(128.92281600000024, 298, 531.0, 4300, 2100, 197),
(128.95529999999962, 299, 534.0, 4300, 2100, 198),
(128.98819900000035, 300, 682.0, 4300, 2100, 199),
(129.0913069999997, 302, 532.0, 4300, 2500, 100),
(129.12381199999982, 303, 532.0, 4300, 2500, 101),
(129.15655799999968, 304, 532.0, 4300, 2500, 102),
(129.18929800000024, 305, 532.0, 4300, 2500, 103),
(129.22206900000037, 306, 532.0, 4300, 2500, 104),
(129.25482499999998, 307, 532.0, 4300, 2500, 105),
(129.28774499999963, 308, 532.0, 4300, 2500, 106),
(129.3208249999998, 309, 532.0, 4300, 2500, 107),
(129.35397699999976, 310, 532.0, 4300, 2500, 108),
(129.3870820000002, 311, 532.0, 4300, 2500, 109),
(129.42011699999966, 312, 532.0, 4300, 2500, 110),
(129.45298000000003, 313, 532.0, 4300, 2500, 111),
(129.48637299999973, 314, 532.0, 4300, 2500, 112),
(129.51997699999993, 315, 532.0, 4300, 2500, 113),
(129.55296199999975, 316, 532.0, 4300, 2500, 114),
(129.58611399999972, 317, 532.0, 4300, 2500, 115),
(129.6193659999999, 318, 532.0, 4300, 2500, 116),
(129.65320100000008, 319, 532.0, 4300, 2500, 117),
(129.68632700000035, 320, 532.0, 4300, 2500, 118),
(129.71959100000004, 321, 532.0, 4300, 2500, 119),
(129.7524659999999, 322, 532.0, 4300, 2500, 120),
(129.78559099999984, 323, 532.0, 4300, 2500, 121),
(129.81907200000023, 324, 532.0, 4300, 2500, 122),
(129.86063099999956, 325, 532.0, 4300, 2500, 123),
(129.90585499999997, 326, 532.0, 4300, 2500, 124),
(129.96012400000018, 327, 532.0, 4300, 2500, 125),
(129.99359000000004, 328, 532.0, 4300, 2500, 126),
(130.0336010000001, 329, 532.0, 4300, 2500, 127),
(130.07038999999986, 330, 532.0, 4300, 2500, 128),
(130.11427999999978, 331, 532.0, 4300, 2500, 129),
(130.15346599999975, 332, 532.0, 4300, 2500, 130),
(130.18731300000036, 333, 532.0, 4300, 2500, 131),
(130.228932, 334, 532.0, 4300, 2500, 132),
(130.26682999999957, 335, 532.0, 4300, 2500, 133),
(130.30475899999965, 336, 532.0, 4300, 2500, 134),
(130.34799899999962, 337, 532.0, 4300, 2500, 135),
(130.38473199999953, 338, 532.0, 4300, 2500, 136),
(130.4180980000001, 339, 532.0, 4300, 2500, 137),
(130.4510819999996, 340, 532.0, 4300, 2500, 138),
(130.48460299999988, 341, 532.0, 4300, 2500, 139),
(130.51785399999972, 342, 532.0, 4300, 2500, 140),
(130.551418, 343, 532.0, 4300, 2500, 141),
(130.58489099999952, 344, 532.0, 4300, 2500, 142),
(130.618923, 345, 532.0, 4300, 2500, 143),
(130.65381199999956, 346, 532.0, 4300, 2500, 144),
(130.68722900000012, 347, 532.0, 4300, 2500, 145),
(130.7203669999999, 348, 532.0, 4300, 2500, 146),
(130.75386600000002, 349, 532.0, 4300, 2500, 147),
(130.7874839999995, 350, 532.0, 4300, 2500, 148),
(130.82129900000018, 351, 532.0, 4300, 2500, 149),
(130.8583920000001, 352, 532.0, 4300, 2500, 150),
(130.89360299999953, 353, 532.0, 4300, 2500, 151),
(130.9273350000003, 354, 532.0, 4300, 2500, 152),
(130.96883999999955, 355, 532.0, 4300, 2500, 153),
(131.00259499999993, 356, 532.0, 4300, 2500, 154),
(131.0498550000002, 357, 532.0, 4300, 2500, 155),
(131.08310400000028, 358, 532.0, 4300, 2500, 156),
(131.1262429999997, 359, 532.0, 4300, 2500, 157),
(131.17000000000007, 360, 532.0, 4300, 2500, 158),
(131.20485199999985, 361, 532.0, 4300, 2500, 159),
(131.2467770000003, 362, 532.0, 4300, 2500, 160),
(131.28995399999985, 363, 532.0, 4300, 2500, 161),
(131.32629600000018, 364, 532.0, 4300, 2500, 162),
(131.36431699999957, 365, 532.0, 4300, 2500, 163),
(131.39933999999994, 366, 532.0, 4300, 2500, 164),
(131.4322689999999, 367, 532.0, 4300, 2500, 165),
(131.47557400000005, 368, 532.0, 4300, 2500, 166),
(131.508648, 369, 532.0, 4300, 2500, 167),
(131.54171899999983, 370, 532.0, 4300, 2500, 168),
(131.58656100000007, 371, 532.0, 4300, 2500, 169),
(131.62104799999997, 372, 532.0, 4300, 2500, 170),
(131.6560300000001, 373, 532.0, 4300, 2500, 171),
(131.69010799999978, 374, 532.0, 4300, 2500, 172),
(131.72308299999986, 375, 532.0, 4300, 2500, 173),
(131.7584420000003, 376, 532.0, 4300, 2500, 174),
(131.7961809999997, 377, 532.0, 4300, 2500, 175),
(131.8289480000003, 378, 532.0, 4300, 2500, 176),
(131.8618580000002, 379, 532.0, 4300, 2500, 177),
(131.894945, 380, 532.0, 4300, 2500, 178),
(131.92796100000032, 381, 532.0, 4300, 2500, 179),
(131.9609529999998, 382, 532.0, 4300, 2500, 180),
(131.9938229999998, 383, 532.0, 4300, 2500, 181),
(132.0269529999996, 384, 532.0, 4300, 2500, 182),
(132.0601029999998, 385, 532.0, 4300, 2500, 183),
(132.0937729999996, 386, 532.0, 4300, 2500, 184),
(132.12782900000002, 387, 532.0, 4300, 2500, 185),
(132.1622529999995, 388, 532.0, 4300, 2500, 186),
(132.19581000000017, 389, 532.0, 4300, 2500, 187),
(132.22908800000005, 390, 532.0, 4300, 2500, 188),
(132.26243499999964, 391, 532.0, 4300, 2500, 189),
(132.29575899999963, 392, 532.0, 4300, 2500, 190),
(132.32868099999996, 393, 532.0, 4300, 2500, 191),
(132.36231599999974, 394, 532.0, 4300, 2500, 192),
(132.39557299999979, 395, 532.0, 4300, 2500, 193),
(132.42868999999973, 396, 532.0, 4300, 2500, 194),
(132.46153400000003, 397, 532.0, 4300, 2500, 195),
(132.49430800000027, 398, 532.0, 4300, 2500, 196),
(132.52742299999954, 399, 532.0, 4300, 2500, 197),
(132.56356500000038, 400, 532.0, 4300, 2500, 198),
(132.60187700000006, 401, 532.0, 4300, 2500, 199),
(132.64410899999984, 402, 532.0, 4300, 2500, 200),
(132.68081100000018, 403, 532.0, 4300, 2500, 101),
(132.7148959999995, 404, 532.0, 4300, 2500, 102),
(132.74919099999988, 405, 532.0, 4300, 2500, 103),
(132.78278799999953, 406, 532.0, 4300, 2500, 104),
(132.81621799999994, 407, 532.0, 4300, 2500, 105),
(132.84906599999977, 408, 532.0, 4300, 2500, 106),
(132.88182899999993, 409, 532.0, 4300, 2500, 107),
(132.91481699999986, 410, 532.0, 4300, 2500, 108),
(132.94754699999976, 411, 532.0, 4300, 2500, 109),
(132.98074600000018, 412, 532.0, 4300, 2500, 110),
(133.0140620000002, 413, 532.0, 4300, 2500, 111),
(133.04706499999975, 414, 532.0, 4300, 2500, 112),
(133.08005299999968, 415, 532.0, 4300, 2500, 113),
(133.11362199999985, 416, 532.0, 4300, 2500, 114),
(133.1468159999995, 417, 532.0, 4300, 2500, 115),
(133.18582400000014, 418, 532.0, 4300, 2500, 116),
(133.22117799999978, 419, 532.0, 4300, 2500, 117),
(133.25806300000022, 420, 532.0, 4300, 2500, 118),
(133.30561699999998, 421, 532.0, 4300, 2500, 119),
(133.34031700000014, 422, 532.0, 4300, 2500, 120),
(133.37430099999983, 423, 532.0, 4300, 2500, 121),
(133.41485000000011, 424, 532.0, 4300, 2500, 122),
(133.44867199999953, 425, 532.0, 4300, 2500, 123),
(133.49154999999973, 426, 532.0, 4300, 2500, 124),
(133.52992900000027, 427, 532.0, 4300, 2500, 125),
(133.56403599999976, 428, 532.0, 4300, 2500, 126),
(133.59742099999949, 429, 532.0, 4300, 2500, 127),
(133.6319999999996, 430, 532.0, 4300, 2500, 128),
(133.66868999999951, 431, 532.0, 4300, 2500, 129),
(133.7084159999995, 432, 532.0, 4300, 2500, 130),
(133.74148100000002, 433, 532.0, 4300, 2500, 131),
(133.7743330000003, 434, 532.0, 4300, 2500, 132),
(133.81299599999966, 435, 532.0, 4300, 2500, 133),
(133.846313, 436, 532.0, 4300, 2500, 134),
(133.88588999999956, 437, 532.0, 4300, 2500, 135),
(133.92455599999994, 438, 532.0, 4300, 2500, 136),
(133.96512900000016, 439, 532.0, 4300, 2500, 137),
(134.01385500000015, 440, 532.0, 4300, 2500, 138),
(134.0477089999995, 441, 532.0, 4300, 2500, 139),
(134.0895700000001, 442, 532.0, 4300, 2500, 140),
(134.12840200000028, 443, 532.0, 4300, 2500, 141),
(134.16275200000018, 444, 532.0, 4300, 2500, 142),
(134.2016649999996, 445, 532.0, 4300, 2500, 143),
(134.2378609999996, 446, 532.0, 4300, 2500, 144),
(134.27067699999952, 447, 532.0, 4300, 2500, 145),
(134.31344199999967, 448, 532.0, 4300, 2500, 146),
(134.34735, 449, 532.0, 4300, 2500, 147),
(134.3810309999999, 450, 532.0, 4300, 2500, 148),
(134.4193809999997, 451, 532.0, 4300, 2500, 149),
(134.45293200000015, 452, 532.0, 4300, 2500, 150),
(134.48579100000006, 453, 532.0, 4300, 2500, 151),
(134.51869299999998, 454, 532.0, 4300, 2500, 152),
(134.55168200000026, 455, 532.0, 4300, 2500, 153),
(134.58496699999978, 456, 532.0, 4300, 2500, 154),
(134.61820100000023, 457, 532.0, 4300, 2500, 155),
(134.65238599999975, 458, 532.0, 4300, 2500, 156),
(134.68733199999951, 459, 532.0, 4300, 2500, 157),
(134.72117499999968, 460, 532.0, 4300, 2500, 158),
(134.75504199999978, 461, 532.0, 4300, 2500, 159),
(134.78976799999964, 462, 532.0, 4300, 2500, 160),
(134.82493199999954, 463, 532.0, 4300, 2500, 161),
(134.8591809999998, 464, 532.0, 4300, 2500, 162),
(134.89353399999982, 465, 532.0, 4300, 2500, 163),
(134.92802500000016, 466, 532.0, 4300, 2500, 164),
(134.96156299999984, 467, 532.0, 4300, 2500, 165),
(134.9945319999997, 468, 532.0, 4300, 2500, 166),
(135.02773499999967, 469, 532.0, 4300, 2500, 167),
(135.0605340000002, 470, 532.0, 4300, 2500, 168),
(135.09327800000028, 471, 532.0, 4300, 2500, 169),
(135.1260510000002, 472, 532.0, 4300, 2500, 170),
(135.15945600000032, 473, 532.0, 4300, 2500, 171),
(135.19245200000023, 474, 532.0, 4300, 2500, 172),
(135.22541100000035, 475, 532.0, 4300, 2500, 173),
(135.26156900000024, 476, 532.0, 4300, 2500, 174),
(135.30354400000033, 477, 532.0, 4300, 2500, 175),
(135.3415640000003, 478, 532.0, 4300, 2500, 176),
(135.37549299999955, 479, 532.0, 4300, 2500, 177),
(135.420658, 480, 532.0, 4300, 2500, 178),
(135.4564190000001, 481, 532.0, 4300, 2500, 179),
(135.49706499999957, 482, 532.0, 4300, 2500, 180),
(135.5346039999995, 483, 532.0, 4300, 2500, 181),
(135.56901199999993, 484, 532.0, 4300, 2500, 182),
(135.60406799999964, 485, 532.0, 4300, 2500, 183),
(135.64304300000003, 486, 532.0, 4300, 2500, 184),
(135.67764999999963, 487, 532.0, 4300, 2500, 185),
(135.71153400000003, 488, 532.0, 4300, 2500, 186),
(135.74521000000004, 489, 532.0, 4300, 2500, 187),
(135.77991699999984, 490, 532.0, 4300, 2500, 188),
(135.81467599999996, 491, 532.0, 4300, 2500, 189),
(135.84815100000014, 492, 532.0, 4300, 2500, 190),
(135.88348899999983, 493, 532.0, 4300, 2500, 191),
(135.92188299999998, 494, 532.0, 4300, 2500, 192),
(135.95652599999994, 495, 532.0, 4300, 2500, 193),
(135.98964400000023, 496, 532.0, 4300, 2500, 194),
(136.0231359999998, 497, 532.0, 4300, 2500, 195),
(136.0581659999998, 498, 532.0, 4300, 2500, 196),
(136.1024349999998, 499, 532.0, 4300, 2500, 197),
(136.1419079999996, 500, 532.0, 4300, 2500, 198),
(136.17659000000003, 501, 532.0, 4300, 2500, 199),
(136.21891799999958, 502, 532.0, 4300, 2500, 200),
(136.2531909999998, 503, 532.0, 4300, 2500, 101),
(136.3015690000002, 504, 532.0, 4300, 2500, 102),
(136.34465499999988, 505, 532.0, 4300, 2500, 103),
(136.3815880000002, 506, 532.0, 4300, 2500, 104),
(136.42317100000037, 507, 532.0, 4300, 2500, 105),
(136.4594500000003, 508, 532.0, 4300, 2500, 106),
(136.49282099999982, 509, 532.0, 4300, 2500, 107),
(136.5256790000003, 510, 532.0, 4300, 2500, 108),
(136.55881599999975, 511, 532.0, 4300, 2500, 109),
(136.59193799999957, 512, 532.0, 4300, 2500, 110),
(136.62536699999964, 513, 532.0, 4300, 2500, 111),
(136.65884900000037, 514, 532.0, 4300, 2500, 112),
(136.69196399999964, 515, 532.0, 4300, 2500, 113),
(136.72503400000005, 516, 532.0, 4300, 2500, 114),
(136.75802399999975, 517, 532.0, 4300, 2500, 115),
(136.7907839999998, 518, 532.0, 4300, 2500, 116),
(136.82396900000003, 519, 532.0, 4300, 2500, 117),
(136.85761300000013, 520, 532.0, 4300, 2500, 118),
(136.8909679999997, 521, 532.0, 4300, 2500, 119),
(136.9254949999995, 522, 532.0, 4300, 2500, 120),
(136.96115999999984, 523, 532.0, 4300, 2500, 121),
(136.99614399999973, 524, 532.0, 4300, 2500, 122),
(137.0296499999995, 525, 532.0, 4300, 2500, 123),
(137.06254199999967, 526, 532.0, 4300, 2500, 124),
(137.0955130000002, 527, 532.0, 4300, 2500, 125),
(137.1285509999998, 528, 532.0, 4300, 2500, 126),
(137.16155199999957, 529, 532.0, 4300, 2500, 127),
(137.19464200000039, 530, 532.0, 4300, 2500, 128),
(137.2276549999997, 531, 532.0, 4300, 2500, 129),
(137.26068000000032, 532, 532.0, 4300, 2500, 130),
(137.2938349999995, 533, 532.0, 4300, 2500, 131),
(137.32733000000007, 534, 532.0, 4300, 2500, 132),
(137.36085699999967, 535, 532.0, 4300, 2500, 133),
(137.39490699999988, 536, 532.0, 4300, 2500, 134),
(137.42926199999965, 537, 532.0, 4300, 2500, 135),
(137.46455200000037, 538, 532.0, 4300, 2500, 136),
(137.49917199999982, 539, 532.0, 4300, 2500, 137),
(137.53265600000032, 540, 532.0, 4300, 2500, 138),
(137.56554400000005, 541, 532.0, 4300, 2500, 139),
(137.59838899999977, 542, 532.0, 4300, 2500, 140),
(137.63158699999985, 543, 532.0, 4300, 2500, 141),
(137.66465400000016, 544, 532.0, 4300, 2500, 142),
(137.6981740000001, 545, 532.0, 4300, 2500, 143),
(137.73698299999978, 546, 532.0, 4300, 2500, 144),
(137.78012899999976, 547, 532.0, 4300, 2500, 145),
(137.81527300000016, 548, 532.0, 4300, 2500, 146),
(137.8501500000002, 549, 532.0, 4300, 2500, 147),
(137.88396099999954, 550, 532.0, 4300, 2500, 148),
(137.91753700000027, 551, 532.0, 4300, 2500, 149),
(137.9508990000004, 552, 532.0, 4300, 2500, 150),
(137.98376300000018, 553, 532.0, 4300, 2500, 151),
(138.0344930000001, 554, 532.0, 4300, 2500, 152),
(138.06726199999957, 555, 532.0, 4300, 2500, 153),
(138.11205299999983, 556, 532.0, 4300, 2500, 154),
(138.16567000000032, 557, 532.0, 4300, 2500, 155),
(138.19880300000023, 558, 532.0, 4300, 2500, 156),
(138.23269900000014, 559, 532.0, 4300, 2500, 157),
(138.26748899999984, 560, 532.0, 4300, 2500, 158),
(138.30197700000008, 561, 532.0, 4300, 2500, 159),
(138.33715099999972, 562, 532.0, 4300, 2500, 160),
(138.37175599999955, 563, 532.0, 4300, 2500, 161),
(138.40503999999964, 564, 532.0, 4300, 2500, 162),
(138.43803899999966, 565, 532.0, 4300, 2500, 163),
(138.4711559999996, 566, 532.0, 4300, 2500, 164),
(138.5040229999995, 567, 532.0, 4300, 2500, 165),
(138.53728599999977, 568, 532.0, 4300, 2500, 166),
(138.57030099999974, 569, 532.0, 4300, 2500, 167),
(138.6032439999999, 570, 532.0, 4300, 2500, 168),
(138.63616999999977, 571, 532.0, 4300, 2500, 169),
(138.6701979999998, 572, 532.0, 4300, 2500, 170),
(138.70414600000004, 573, 532.0, 4300, 2500, 171),
(138.7383719999998, 574, 532.0, 4300, 2500, 172),
(138.77287499999966, 575, 532.0, 4300, 2500, 173),
(138.80676500000027, 576, 532.0, 4300, 2500, 174),
(138.842173, 577, 532.0, 4300, 2500, 175),
(138.87492199999997, 578, 532.0, 4300, 2500, 176),
(138.90794199999982, 579, 532.0, 4300, 2500, 177),
(138.9410310000003, 580, 532.0, 4300, 2500, 178),
(138.97406899999987, 581, 532.0, 4300, 2500, 179),
(139.00702100000035, 582, 532.0, 4300, 2500, 180),
(139.040035, 583, 532.0, 4300, 2500, 181),
(139.07290199999989, 584, 532.0, 4300, 2500, 182),
(139.10589999999956, 585, 532.0, 4300, 2500, 183),
(139.13908600000013, 586, 532.0, 4300, 2500, 184),
(139.17934799999966, 587, 532.0, 4300, 2500, 185),
(139.2136099999998, 588, 532.0, 4300, 2500, 186),
(139.2630339999996, 589, 532.0, 4300, 2500, 187),
(139.29679599999963, 590, 532.0, 4300, 2500, 188),
(139.33958100000018, 591, 532.0, 4300, 2500, 189),
(139.38727800000015, 592, 532.0, 4300, 2500, 190),
(139.42095100000006, 593, 532.0, 4300, 2500, 191),
(139.4572049999997, 594, 532.0, 4300, 2500, 192),
(139.4961119999998, 595, 532.0, 4300, 2500, 193),
(139.5308869999999, 596, 532.0, 4300, 2500, 194),
(139.56513499999983, 597, 532.0, 4300, 2500, 195),
(139.5982640000002, 598, 532.0, 4300, 2500, 196),
(139.64063299999998, 599, 532.0, 4300, 2500, 197),
(139.6786979999997, 600, 532.0, 4300, 2500, 198),
(139.71713399999953, 601, 532.0, 4300, 2500, 199),
(139.75192100000004, 602, 532.0, 4300, 2500, 200),
(139.9421080000002, 605, 532.0, 4300, 2300, 102),
(139.97473999999966, 606, 533.0, 4300, 2300, 103),
(140.0074880000002, 607, 532.0, 4300, 2300, 104),
(140.04037100000005, 608, 613.0, 4300, 2300, 105),
(140.07320299999992, 609, 532.0, 4300, 2300, 106),
(140.10613000000012, 610, 551.0, 4300, 2300, 107),
(140.21180000000004, 612, 530.0, 4300, 2300, 109),
(140.24462700000004, 613, 532.0, 4300, 2300, 110),
(140.2776160000003, 614, 619.0, 4300, 2300, 111),
(140.3104999999996, 615, 532.0, 4300, 2300, 112),
(148.08668099999977, 618, 532.0, 4300, 2300, 115),
(148.11962200000016, 619, 532.0, 4300, 2300, 116),
(148.1524529999997, 620, 532.0, 4300, 2300, 117),
(148.18532799999957, 621, 618.0, 4300, 2300, 118),
(148.21794899999986, 622, 532.0, 4300, 2300, 119),
(148.2509629999995, 623, 529.0, 4300, 2300, 120),
(148.2839469999999, 624, 532.0, 4300, 2300, 121),
(148.31707900000038, 625, 532.0, 4300, 2300, 122),
(148.3500979999999, 626, 532.0, 4300, 2300, 123),
(148.38334699999996, 627, 531.0, 4300, 2300, 124),
(148.41646000000037, 628, 529.0, 4300, 2300, 125),
(148.4493419999999, 629, 532.0, 4300, 2300, 126),
(156.142836, 631, 532.0, 4300, 2300, 128),
(156.17766399999982, 632, 532.0, 4300, 2300, 129),
(156.21331499999997, 633, 532.0, 4300, 2300, 130),
(156.2475830000003, 634, 533.0, 4300, 2300, 131),
(156.28213799999958, 635, 532.0, 4300, 2300, 132),
(156.31622200000038, 636, 531.0, 4300, 2300, 133),
(156.3507039999995, 637, 283.0, 4300, 2300, 134),
(156.38458199999968, 638, 531.0, 4300, 2300, 135),
(156.41918600000008, 639, 532.0, 4300, 2300, 136),
(164.116035, 641, 532.0, 4300, 2300, 138),
(164.15113399999973, 642, 532.0, 4300, 2300, 139),
(164.18526099999963, 643, 532.0, 4300, 2300, 140),
(164.2181529999998, 644, 532.0, 4300, 2300, 141),
(164.25315299999966, 645, 588.0, 4300, 2300, 142),
(164.29350999999951, 646, 531.0, 4300, 2300, 143),
(164.32734700000037, 647, 532.0, 4300, 2300, 144),
(164.36886500000037, 648, 532.0, 4300, 2300, 145),
(164.40377400000034, 649, 532.0, 4300, 2300, 146),
(164.4378660000002, 650, 532.0, 4300, 2300, 147),
(164.47897600000033, 651, 532.0, 4300, 2300, 148),
(164.65520500000002, 654, 532.0, 4300, 2300, 151),
(164.68769299999985, 655, 285.0, 4300, 2300, 152),
(164.72008800000003, 656, 532.0, 4300, 2300, 153),
(164.75284399999964, 657, 280.0, 4300, 2300, 154),
(164.78544799999963, 658, 531.0, 4300, 2300, 155),
(164.81832699999995, 659, 532.0, 4300, 2300, 156),
(164.85098000000016, 660, 551.0, 4300, 2300, 157),
(164.88360600000033, 661, 532.0, 4300, 2300, 158),
(164.91658300000017, 662, 551.0, 4300, 2300, 159),
(164.94923000000017, 663, 532.0, 4300, 2300, 160),
(165.0528720000002, 665, 532.0, 4300, 2300, 162),
(165.08557800000017, 666, 532.0, 4300, 2300, 163),
(165.11846700000024, 667, 532.0, 4300, 2300, 164),
(165.15121, 668, 532.0, 4300, 2300, 165),
(165.18373499999961, 669, 532.0, 4300, 2300, 166),
(165.21633199999997, 670, 532.0, 4300, 2300, 167),
(165.2489660000001, 671, 532.0, 4300, 2300, 168),
(165.35507899999993, 673, 532.0, 4300, 2300, 170),
(165.38771499999984, 674, 532.0, 4300, 2300, 171),
(165.42031099999986, 675, 532.0, 4300, 2300, 172),
(165.45300299999963, 676, 681.0, 4300, 2300, 173),
(165.48557299999993, 677, 532.0, 4300, 2300, 174),
(165.7961239999995, 682, 532.0, 4300, 2300, 179),
(165.82896400000027, 683, 532.0, 4300, 2300, 180),
(165.86157000000003, 684, 531.0, 4300, 2300, 181),
(165.894456, 685, 532.0, 4300, 2300, 182),
(165.92712399999982, 686, 532.0, 4300, 2300, 183),
(165.95989399999962, 687, 532.0, 4300, 2300, 184),
(166.06568499999958, 689, 532.0, 4300, 2300, 186),
(166.167684, 691, 532.0, 4300, 2300, 188),
(166.26856299999963, 693, 532.0, 4300, 2300, 190),
(166.43671199999972, 696, 533.0, 4300, 2300, 193),
(166.46921699999984, 697, 532.0, 4300, 2300, 194),
(166.5017459999999, 698, 532.0, 4300, 2300, 195),
(166.5345900000002, 699, 345.0, 4300, 2300, 196),
(166.56734200000028, 700, 537.0, 4300, 2300, 197),
(166.60033300000032, 701, 532.0, 4300, 2300, 198),
(166.63321300000007, 702, 532.0, 4300, 2300, 199),
(166.6661979999999, 703, 532.0, 4300, 2300, 200),
(166.92496399999982, 706, 533.0, 4300, 2300, 103),
(166.95769699999983, 707, 532.0, 4300, 2300, 104),
(167.04356300000018, 709, 532.0, 4300, 2300, 106),
(167.07623599999988, 710, 532.0, 4300, 2300, 107),
(167.1089979999997, 711, 536.0, 4300, 2300, 108),
(167.1417019999999, 712, 532.0, 4300, 2300, 109),
(167.17443900000035, 713, 532.0, 4300, 2300, 110),
(167.27796800000033, 715, 532.0, 4300, 2300, 112),
(167.31082100000003, 716, 532.0, 4300, 2300, 113),
(167.34356300000036, 717, 532.0, 4300, 2300, 114),
(167.37644799999998, 718, 532.0, 4300, 2300, 115),
(167.4813240000003, 720, 532.0, 4300, 2300, 117),
(167.51393000000007, 721, 618.0, 4300, 2300, 118),
(167.54656799999975, 722, 532.0, 4300, 2300, 119),
(167.5793160000003, 723, 529.0, 4300, 2300, 120),
(167.6120659999997, 724, 532.0, 4300, 2300, 121),
(167.64602800000011, 725, 539.0, 4300, 2300, 122),
(167.76818900000035, 727, 531.0, 4300, 2300, 124),
(167.8006779999996, 728, 532.0, 4300, 2300, 125),
(167.83355399999982, 729, 532.0, 4300, 2300, 126),
(167.9189779999997, 731, 532.0, 4300, 2300, 128),
(167.9518250000001, 732, 532.0, 4300, 2300, 129),
(167.98459699999967, 733, 617.0, 4300, 2300, 130),
(168.0172249999996, 734, 532.0, 4300, 2300, 131),
(168.05005400000027, 735, 548.0, 4300, 2300, 132),
(168.08283000000029, 736, 532.0, 4300, 2300, 133),
(168.11571000000004, 737, 532.0, 4300, 2300, 134),
(168.1487019999995, 738, 533.0, 4300, 2300, 135),
(168.1817060000003, 739, 532.0, 4300, 2300, 136),
(168.21482899999955, 740, 532.0, 4300, 2300, 137),
(168.24822099999983, 741, 532.0, 4300, 2300, 138),
(168.28094200000032, 742, 532.0, 4300, 2300, 139),
(168.31383600000026, 743, 532.0, 4300, 2300, 140),
(168.34720800000014, 744, 531.0, 4300, 2300, 141),
(168.38062199999968, 745, 532.0, 4300, 2300, 142),
(168.41407400000026, 746, 535.0, 4300, 2300, 143),
(168.44707199999993, 747, 532.0, 4300, 2300, 144),
(168.55130699999972, 749, 531.0, 4300, 2300, 146),
(168.65344499999992, 751, 532.0, 4300, 2300, 148),
(168.68583099999978, 752, 532.0, 4300, 2300, 149),
(168.71867199999997, 753, 532.0, 4300, 2300, 150),
(168.7512859999997, 754, 285.0, 4300, 2300, 151),
(168.78418200000033, 755, 532.0, 4300, 2300, 152),
(168.81690700000036, 756, 532.0, 4300, 2300, 153),
(168.84966199999963, 757, 532.0, 4300, 2300, 154),
(168.88214499999958, 758, 532.0, 4300, 2300, 155),
(168.91466200000013, 759, 532.0, 4300, 2300, 156),
(169.01782399999956, 761, 532.0, 4300, 2300, 158),
(169.05052299999988, 762, 532.0, 4300, 2300, 159),
(169.08315299999958, 763, 283.0, 4300, 2300, 160),
(169.23653600000034, 766, 532.0, 4300, 2300, 163),
(169.2691679999998, 767, 532.0, 4300, 2300, 164),
(169.30181400000038, 768, 532.0, 4300, 2300, 165),
(169.4861490000003, 770, 532.0, 4300, 2300, 167),
(169.51850899999954, 771, 532.0, 4300, 2300, 168),
(169.55089399999997, 772, 551.0, 4300, 2300, 169),
(169.58337500000016, 773, 350.0, 4300, 2300, 170),
(169.61574800000017, 774, 531.0, 4300, 2300, 171),
(169.64866799999982, 775, 532.0, 4300, 2300, 172),
(169.7499230000003, 777, 532.0, 4300, 2300, 174),
(177.38775799999985, 779, 532.0, 4300, 2300, 176),
(177.50376099999994, 781, 532.0, 4300, 2300, 178),
(177.5366210000002, 782, 532.0, 4300, 2300, 179),
(177.64174600000024, 784, 532.0, 4300, 2300, 181),
(177.6746320000002, 785, 529.0, 4300, 2300, 182),
(177.70735799999966, 786, 532.0, 4300, 2300, 183),
(177.74018199999955, 787, 532.0, 4300, 2300, 184),
(177.77410799999961, 788, 532.0, 4300, 2300, 185),
(177.81016199999976, 789, 532.0, 4300, 2300, 186),
(177.84406000000035, 790, 529.0, 4300, 2300, 187),
(177.87781499999983, 791, 532.0, 4300, 2300, 188),
(177.91101799999979, 792, 346.0, 4300, 2300, 189),
(178.01852899999994, 794, 532.0, 4300, 2300, 191),
(178.05179899999985, 795, 532.0, 4300, 2300, 192),
(178.08497199999965, 796, 533.0, 4300, 2300, 193),
(178.11929299999974, 797, 532.0, 4300, 2300, 194),
(178.15228300000035, 798, 531.0, 4300, 2300, 195),
(178.18598999999995, 799, 532.0, 4300, 2300, 196),
(178.21937900000012, 800, 532.0, 4300, 2300, 197),
(178.25227799999993, 801, 535.0, 4300, 2300, 198),
(178.35337999999956, 803, 533.0, 4300, 2300, 200),
(178.38674199999969, 804, 532.0, 4300, 2300, 101),
(179.67414699999972, 806, 532.0, 4300, 2300, 103),
(179.77388900000005, 808, 532.0, 4300, 2300, 105),
(179.80684399999973, 809, 532.0, 4300, 2300, 106),
(179.8394669999998, 810, 532.0, 4300, 2300, 107),
(179.8721489999998, 811, 536.0, 4300, 2300, 108),
(179.9047639999999, 812, 532.0, 4300, 2300, 109),
(179.93744700000025, 813, 532.0, 4300, 2300, 110),
(179.97021899999982, 814, 619.0, 4300, 2300, 111),
(180.00302999999985, 815, 532.0, 4300, 2300, 112),
(180.16923899999983, 818, 532.0, 4300, 2300, 115),
(180.2719479999996, 820, 532.0, 4300, 2300, 117),
(180.30433100000027, 821, 532.0, 4300, 2300, 118),
(180.33699100000013, 822, 532.0, 4300, 2300, 119),
(180.36964199999966, 823, 532.0, 4300, 2300, 120),
(180.4027500000002, 824, 532.0, 4300, 2300, 121),
(180.43600799999967, 825, 539.0, 4300, 2300, 122),
(180.545024, 827, 532.0, 4300, 2300, 124),
(180.57800299999963, 828, 532.0, 4300, 2300, 125),
(180.61124699999982, 829, 532.0, 4300, 2300, 126),
(188.2959380000002, 831, 532.0, 4300, 2300, 128),
(188.3368620000001, 832, 532.0, 4300, 2300, 129),
(188.37967800000024, 833, 532.0, 4300, 2300, 130),
(188.41959399999996, 834, 532.0, 4300, 2300, 131),
(188.4629219999997, 835, 532.0, 4300, 2300, 132),
(188.5036369999998, 836, 532.0, 4300, 2300, 133),
(188.54192799999964, 837, 283.0, 4300, 2300, 134),
(188.58053999999993, 838, 533.0, 4300, 2300, 135),
(188.6197030000003, 839, 532.0, 4300, 2300, 136),
(188.66377600000033, 840, 532.0, 4300, 2300, 137),
(188.70045200000004, 841, 532.0, 4300, 2300, 138),
(188.74737499999992, 842, 615.0, 4300, 2300, 139),
(188.79029699999955, 843, 532.0, 4300, 2300, 140),
(188.83046300000024, 844, 532.0, 4300, 2300, 141),
(188.86758699999973, 845, 532.0, 4300, 2300, 142),
(188.90093100000013, 846, 531.0, 4300, 2300, 143),
(188.94454599999972, 847, 532.0, 4300, 2300, 144),
(188.98301699999956, 848, 532.0, 4300, 2300, 145),
(189.0186480000002, 849, 531.0, 4300, 2300, 146),
(189.11990799999967, 851, 532.0, 4300, 2300, 148),
(189.1527930000002, 852, 532.0, 4300, 2300, 149),
(189.25203499999952, 854, 532.0, 4300, 2300, 151),
(189.28554499999973, 855, 615.0, 4300, 2300, 152),
(189.31838700000026, 856, 532.0, 4300, 2300, 153),
(189.3510409999999, 857, 532.0, 4300, 2300, 154),
(189.38340900000003, 858, 532.0, 4300, 2300, 155),
(189.41588799999954, 859, 532.0, 4300, 2300, 156),
(189.5153250000003, 861, 532.0, 4300, 2300, 158),
(189.5478919999996, 862, 532.0, 4300, 2300, 159),
(189.5803989999995, 863, 285.0, 4300, 2300, 160),
(197.31880100000035, 865, 532.0, 4300, 2300, 162),
(197.35384299999987, 866, 532.0, 4300, 2300, 163),
(197.39602000000014, 867, 532.0, 4300, 2300, 164),
(197.4327089999997, 868, 533.0, 4300, 2300, 165),
(197.47161700000015, 869, 532.0, 4300, 2300, 166),
(197.5102710000001, 870, 532.0, 4300, 2300, 167),
(197.55619699999988, 871, 532.0, 4300, 2300, 168),
(197.60167100000035, 872, 532.0, 4300, 2300, 169),
(197.63930700000037, 873, 536.0, 4300, 2300, 170),
(197.67900800000007, 874, 532.0, 4300, 2300, 171),
(197.7191499999999, 875, 531.0, 4300, 2300, 172),
(197.75708000000031, 876, 532.0, 4300, 2300, 173),
(197.7947349999995, 877, 532.0, 4300, 2300, 174),
(197.83197399999972, 878, 532.0, 4300, 2300, 175),
(197.94694400000026, 880, 532.0, 4300, 2300, 177),
(197.97958899999958, 881, 532.0, 4300, 2300, 178),
(198.01197500000035, 882, 532.0, 4300, 2300, 179),
(198.1128550000003, 884, 532.0, 4300, 2300, 181),
(198.14559800000006, 885, 529.0, 4300, 2300, 182),
(198.17804400000023, 886, 532.0, 4300, 2300, 183),
(198.21072399999957, 887, 532.0, 4300, 2300, 184),
(198.31327899999997, 889, 531.0, 4300, 2300, 186),
(198.34599499999968, 890, 532.0, 4300, 2300, 187),
(198.37877300000036, 891, 532.0, 4300, 2300, 188),
(198.41131599999972, 892, 532.0, 4300, 2300, 189),
(198.57719600000019, 895, 532.0, 4300, 2300, 192),
(198.60957700000017, 896, 532.0, 4300, 2300, 193),
(198.64200900000014, 897, 532.0, 4300, 2300, 194),
(198.6744660000004, 898, 531.0, 4300, 2300, 195),
(198.7068159999999, 899, 345.0, 4300, 2300, 196),
(198.73946100000012, 900, 532.0, 4300, 2300, 197),
(198.7718359999999, 901, 533.0, 4300, 2300, 198),
(198.87476799999968, 903, 533.0, 4300, 2300, 200),
(198.90764299999955, 904, 532.0, 4300, 2500, 100),
(198.9404569999997, 905, 532.0, 4300, 2500, 101),
(198.9733269999997, 906, 532.0, 4300, 2500, 102),
(199.00592799999959, 907, 532.0, 4300, 2500, 103),
(199.03835499999968, 908, 532.0, 4300, 2500, 104),
(199.0708599999998, 909, 532.0, 4300, 2500, 105),
(199.10378500000024, 910, 532.0, 4300, 2500, 106),
(199.13659800000005, 911, 532.0, 4300, 2500, 107),
(199.16894799999955, 912, 532.0, 4300, 2500, 108),
(199.2014939999999, 913, 532.0, 4300, 2500, 109),
(199.23420600000009, 914, 532.0, 4300, 2500, 110),
(199.266756, 915, 532.0, 4300, 2500, 111),
(199.29958499999975, 916, 532.0, 4300, 2500, 112),
(199.33238600000004, 917, 532.0, 4300, 2500, 113),
(199.36550400000033, 918, 532.0, 4300, 2500, 114),
(199.40723199999957, 919, 532.0, 4300, 2500, 115),
(199.44677500000034, 920, 532.0, 4300, 2500, 116),
(199.48732999999993, 921, 532.0, 4300, 2500, 117),
(199.52746599999955, 922, 532.0, 4300, 2500, 118),
(199.57230299999992, 923, 532.0, 4300, 2500, 119),
(199.61750699999993, 924, 532.0, 4300, 2500, 120),
(199.66607099999965, 925, 532.0, 4300, 2500, 121),
(199.70581200000015, 926, 532.0, 4300, 2500, 122),
(199.75107800000023, 927, 532.0, 4300, 2500, 123),
(199.79122800000005, 928, 532.0, 4300, 2500, 124),
(199.83162300000004, 929, 532.0, 4300, 2500, 125),
(199.8733999999995, 930, 532.0, 4300, 2500, 126),
(199.90946499999973, 931, 532.0, 4300, 2500, 127),
(199.95007199999964, 932, 532.0, 4300, 2500, 128),
(199.98832099999981, 933, 532.0, 4300, 2500, 129),
(200.02643999999964, 934, 532.0, 4300, 2500, 130),
(200.06265199999962, 935, 532.0, 4300, 2500, 131),
(200.10236499999974, 936, 532.0, 4300, 2500, 132),
(200.14466699999957, 937, 532.0, 4300, 2500, 133),
(200.18932399999994, 938, 532.0, 4300, 2500, 134),
(200.23576299999968, 939, 532.0, 4300, 2500, 135),
(200.2766899999997, 940, 532.0, 4300, 2500, 136),
(200.31288500000028, 941, 532.0, 4300, 2500, 137),
(200.35697900000014, 942, 532.0, 4300, 2500, 138),
(200.3954819999999, 943, 532.0, 4300, 2500, 139),
(200.43629899999996, 944, 532.0, 4300, 2500, 140),
(200.4839860000002, 945, 532.0, 4300, 2500, 141),
(200.52487999999994, 946, 532.0, 4300, 2500, 142),
(200.5701369999997, 947, 532.0, 4300, 2500, 143),
(200.6168259999995, 948, 532.0, 4300, 2500, 144),
(200.66039699999965, 949, 532.0, 4300, 2500, 145),
(200.69819800000005, 950, 532.0, 4300, 2500, 146),
(200.73526500000025, 951, 532.0, 4300, 2500, 147),
(200.7763759999998, 952, 532.0, 4300, 2500, 148),
(200.81297300000006, 953, 532.0, 4300, 2500, 149),
(200.85433600000033, 954, 532.0, 4300, 2500, 150),
(200.89481999999953, 955, 532.0, 4300, 2500, 151),
(200.93116099999952, 956, 532.0, 4300, 2500, 152),
(200.97287599999981, 957, 532.0, 4300, 2500, 153),
(201.01276700000017, 958, 532.0, 4300, 2500, 154),
(201.05512399999952, 959, 532.0, 4300, 2500, 155),
(201.09545199999957, 960, 532.0, 4300, 2500, 156),
(201.13259500000004, 961, 532.0, 4300, 2500, 157),
(201.16969100000006, 962, 532.0, 4300, 2500, 158),
(201.20231599999988, 963, 532.0, 4300, 2500, 159),
(201.23545699999977, 964, 532.0, 4300, 2500, 160),
(201.2681990000001, 965, 532.0, 4300, 2500, 161),
(201.30156999999963, 966, 532.0, 4300, 2500, 162),
(201.33853199999976, 967, 532.0, 4300, 2500, 163),
(201.37799799999993, 968, 532.0, 4300, 2500, 164),
(201.41480799999954, 969, 532.0, 4300, 2500, 165),
(201.45644900000025, 970, 532.0, 4300, 2500, 166),
(201.49673100000018, 971, 532.0, 4300, 2500, 167),
(201.53477099999964, 972, 532.0, 4300, 2500, 168),
(201.57694999999967, 973, 532.0, 4300, 2500, 169),
(201.61555599999974, 974, 532.0, 4300, 2500, 170),
(201.6574869999995, 975, 532.0, 4300, 2500, 171),
(201.69948099999965, 976, 532.0, 4300, 2500, 172),
(201.73896100000002, 977, 532.0, 4300, 2500, 173),
(201.7780789999997, 978, 532.0, 4300, 2500, 174),
(201.8185510000003, 979, 532.0, 4300, 2500, 175),
(201.85434499999974, 980, 532.0, 4300, 2500, 176),
(201.89535400000022, 981, 532.0, 4300, 2500, 177),
(201.93110199999956, 982, 532.0, 4300, 2500, 178),
(201.97338899999977, 983, 532.0, 4300, 2500, 179),
(202.01205899999968, 984, 532.0, 4300, 2500, 180),
(202.0491860000002, 985, 532.0, 4300, 2500, 181),
(202.09046200000012, 986, 532.0, 4300, 2500, 182),
(202.12620900000002, 987, 532.0, 4300, 2500, 183),
(202.16690600000038, 988, 532.0, 4300, 2500, 184),
(202.20697000000018, 989, 532.0, 4300, 2500, 185),
(202.2430919999997, 990, 532.0, 4300, 2500, 186),
(202.2842639999999, 991, 532.0, 4300, 2500, 187),
(202.32232300000032, 992, 532.0, 4300, 2500, 188),
(202.36627899999985, 993, 532.0, 4300, 2500, 189),
(202.41100900000038, 994, 532.0, 4300, 2500, 190),
(202.44646600000033, 995, 532.0, 4300, 2500, 191),
(202.48722999999973, 996, 532.0, 4300, 2500, 192),
(202.52743999999984, 997, 532.0, 4300, 2500, 193),
(202.5705539999999, 998, 532.0, 4300, 2500, 194),
(202.6117119999999, 999, 532.0, 4300, 2500, 195),
(202.6468850000001, 1000, 532.0, 4300, 2500, 196),
(202.69146699999965, 1001, 532.0, 4300, 2500, 197),
(202.7305919999999, 1002, 532.0, 4300, 2500, 198),
(202.76454099999955, 1003, 532.0, 4300, 2500, 199),
(202.80817899999965, 1004, 532.0, 4300, 2500, 200),
(202.8455869999998, 1005, 532.0, 4300, 2500, 101),
(202.88124900000003, 1006, 532.0, 4300, 2500, 102),
(202.9233320000003, 1007, 532.0, 4300, 2500, 103),
(202.95786899999985, 1008, 532.0, 4300, 2500, 104),
(202.99848999999995, 1009, 532.0, 4300, 2500, 105),
(203.03831900000023, 1010, 532.0, 4300, 2500, 106),
(203.07458399999996, 1011, 532.0, 4300, 2500, 107),
(203.11908200000016, 1012, 532.0, 4300, 2500, 108),
(203.1583559999999, 1013, 532.0, 4300, 2500, 109),
(203.19258199999967, 1014, 532.0, 4300, 2500, 110),
(203.22513499999968, 1015, 532.0, 4300, 2500, 111),
(203.25770600000033, 1016, 532.0, 4300, 2500, 112),
(203.29038899999978, 1017, 532.0, 4300, 2500, 113),
(203.32842700000037, 1018, 532.0, 4300, 2500, 114),
(203.36681099999987, 1019, 532.0, 4300, 2500, 115),
(203.4098210000002, 1020, 532.0, 4300, 2500, 116),
(203.44694600000003, 1021, 532.0, 4300, 2500, 117),
(203.48537599999963, 1022, 532.0, 4300, 2500, 118),
(203.52618600000005, 1023, 532.0, 4300, 2500, 119),
(203.56470999999965, 1024, 532.0, 4300, 2500, 120),
(203.60996799999975, 1025, 532.0, 4300, 2500, 121),
(203.64672599999994, 1026, 532.0, 4300, 2500, 122),
(203.68630800000028, 1027, 532.0, 4300, 2500, 123),
(203.72792200000004, 1028, 532.0, 4300, 2500, 124),
(203.76285499999994, 1029, 532.0, 4300, 2500, 125),
(203.80568800000037, 1030, 532.0, 4300, 2500, 126),
(203.8428269999995, 1031, 532.0, 4300, 2500, 127),
(203.88258899999983, 1032, 532.0, 4300, 2500, 128),
(203.92519699999957, 1033, 532.0, 4300, 2500, 129),
(203.96546500000022, 1034, 532.0, 4300, 2500, 130),
(204.0058479999998, 1035, 532.0, 4300, 2500, 131),
(204.0449660000004, 1036, 532.0, 4300, 2500, 132),
(204.08474000000024, 1037, 532.0, 4300, 2500, 133),
(204.1255860000001, 1038, 532.0, 4300, 2500, 134),
(204.16496600000028, 1039, 532.0, 4300, 2500, 135),
(204.20275500000025, 1040, 532.0, 4300, 2500, 136),
(204.24227100000007, 1041, 532.0, 4300, 2500, 137),
(204.27837199999976, 1042, 532.0, 4300, 2500, 138),
(204.31962599999952, 1043, 532.0, 4300, 2500, 139),
(204.35762499999964, 1044, 532.0, 4300, 2500, 140),
(204.39924900000005, 1045, 532.0, 4300, 2500, 141),
(204.448308, 1046, 532.0, 4300, 2500, 142),
(204.48530800000026, 1047, 532.0, 4300, 2500, 143),
(204.52641800000038, 1048, 532.0, 4300, 2500, 144),
(204.56268699999964, 1049, 532.0, 4300, 2500, 145),
(204.60676799999965, 1050, 532.0, 4300, 2500, 146),
(204.64657999999963, 1051, 532.0, 4300, 2500, 147),
(204.68759799999953, 1052, 532.0, 4300, 2500, 148),
(204.72983999999997, 1053, 532.0, 4300, 2500, 149),
(204.76789999999983, 1054, 532.0, 4300, 2500, 150),
(204.80593599999975, 1055, 532.0, 4300, 2500, 151),
(204.84608000000026, 1056, 532.0, 4300, 2500, 152),
(204.88580999999976, 1057, 532.0, 4300, 2500, 153),
(204.92596799999956, 1058, 532.0, 4300, 2500, 154),
(204.96607500000027, 1059, 532.0, 4300, 2500, 155),
(205.0050680000004, 1060, 532.0, 4300, 2500, 156),
(205.04619300000013, 1061, 532.0, 4300, 2500, 157),
(205.0845760000002, 1062, 532.0, 4300, 2500, 158),
(205.12741000000005, 1063, 532.0, 4300, 2500, 159),
(205.16506200000003, 1064, 532.0, 4300, 2500, 160),
(205.198351, 1065, 532.0, 4300, 2500, 161),
(205.2311149999996, 1066, 532.0, 4300, 2500, 162),
(205.26379999999972, 1067, 532.0, 4300, 2500, 163),
(205.29630199999974, 1068, 532.0, 4300, 2500, 164),
(205.3347130000002, 1069, 532.0, 4300, 2500, 165),
(205.37527599999976, 1070, 532.0, 4300, 2500, 166),
(205.4139669999995, 1071, 532.0, 4300, 2500, 167),
(205.45405800000026, 1072, 532.0, 4300, 2500, 168),
(205.48728599999959, 1073, 532.0, 4300, 2500, 169),
(205.52881199999956, 1074, 532.0, 4300, 2500, 170),
(205.56865899999957, 1075, 532.0, 4300, 2500, 171),
(205.61032299999988, 1076, 532.0, 4300, 2500, 172),
(205.6491729999998, 1077, 532.0, 4300, 2500, 173),
(205.6866, 1078, 532.0, 4300, 2500, 174),
(205.73670200000015, 1079, 532.0, 4300, 2500, 175),
(205.7759619999997, 1080, 532.0, 4300, 2500, 176),
(205.81947200000013, 1081, 532.0, 4300, 2500, 177),
(205.86101099999996, 1082, 532.0, 4300, 2500, 178),
(205.89516000000003, 1083, 532.0, 4300, 2500, 179),
(205.9381940000003, 1084, 532.0, 4300, 2500, 180),
(205.98018799999954, 1085, 532.0, 4300, 2500, 181),
(206.0276219999996, 1086, 532.0, 4300, 2500, 182),
(206.06709799999953, 1087, 532.0, 4300, 2500, 183),
(206.10419399999955, 1088, 532.0, 4300, 2500, 184),
(206.1464649999998, 1089, 532.0, 4300, 2500, 185),
(206.18606, 1090, 532.0, 4300, 2500, 186),
(206.22420599999987, 1091, 532.0, 4300, 2500, 187),
(206.2675309999995, 1092, 532.0, 4300, 2500, 188),
(206.30445299999974, 1093, 532.0, 4300, 2500, 189),
(206.35121199999958, 1094, 532.0, 4300, 2500, 190),
(206.38966100000016, 1095, 532.0, 4300, 2500, 191),
(206.4379339999996, 1096, 532.0, 4300, 2500, 192),
(206.47540599999957, 1097, 532.0, 4300, 2500, 193),
(206.51357999999982, 1098, 532.0, 4300, 2500, 194),
(206.55615000000034, 1099, 532.0, 4300, 2500, 195),
(206.59543500000018, 1100, 532.0, 4300, 2500, 196),
(206.6354369999999, 1101, 532.0, 4300, 2500, 197),
(206.67446000000018, 1102, 532.0, 4300, 2500, 198),
(206.71063099999992, 1103, 532.0, 4300, 2500, 199),
(206.75215899999966, 1104, 532.0, 4300, 2500, 200),
(206.79038299999957, 1105, 532.0, 4300, 2500, 101),
(206.8266190000004, 1106, 532.0, 4300, 2500, 102),
(206.86884999999984, 1107, 532.0, 4300, 2500, 103),
(206.9110410000003, 1108, 532.0, 4300, 2500, 104),
(206.95400100000006, 1109, 532.0, 4300, 2500, 105),
(206.99290399999973, 1110, 532.0, 4300, 2500, 106),
(207.0286640000004, 1111, 532.0, 4300, 2500, 107),
(207.07429200000024, 1112, 532.0, 4300, 2500, 108),
(207.12258199999997, 1113, 532.0, 4300, 2500, 109),
(207.16099500000018, 1114, 532.0, 4300, 2500, 110),
(207.19876999999997, 1115, 532.0, 4300, 2500, 111),
(207.23152800000025, 1116, 532.0, 4300, 2500, 112),
(207.26391700000022, 1117, 532.0, 4300, 2500, 113),
(207.29708000000028, 1118, 532.0, 4300, 2500, 114),
(207.33889399999953, 1119, 532.0, 4300, 2500, 115),
(207.38338399999975, 1120, 532.0, 4300, 2500, 116),
(207.4244490000001, 1121, 532.0, 4300, 2500, 117),
(207.46517399999993, 1122, 532.0, 4300, 2500, 118),
(207.50042399999984, 1123, 532.0, 4300, 2500, 119),
(207.54170900000008, 1124, 532.0, 4300, 2500, 120),
(207.58824100000038, 1125, 532.0, 4300, 2500, 121),
(207.62553800000023, 1126, 532.0, 4300, 2500, 122),
(207.66590799999994, 1127, 532.0, 4300, 2500, 123),
(207.70716300000004, 1128, 532.0, 4300, 2500, 124),
(207.74307399999998, 1129, 532.0, 4300, 2500, 125),
(207.78741499999978, 1130, 532.0, 4300, 2500, 126),
(207.8231020000003, 1131, 532.0, 4300, 2500, 127),
(207.86440700000003, 1132, 532.0, 4300, 2500, 128),
(207.9031189999996, 1133, 532.0, 4300, 2500, 129),
(207.93790799999988, 1134, 532.0, 4300, 2500, 130),
(207.97335300000032, 1135, 532.0, 4300, 2500, 131),
(208.0124509999996, 1136, 532.0, 4300, 2500, 132),
(208.04913699999997, 1137, 532.0, 4300, 2500, 133),
(208.09090099999958, 1138, 532.0, 4300, 2500, 134),
(208.1317399999998, 1139, 532.0, 4300, 2500, 135),
(208.17112499999985, 1140, 532.0, 4300, 2500, 136),
(208.21782799999983, 1141, 532.0, 4300, 2500, 137),
(208.25181599999996, 1142, 532.0, 4300, 2500, 138),
(208.2959579999997, 1143, 532.0, 4300, 2500, 139),
(208.3323819999996, 1144, 532.0, 4300, 2500, 140),
(208.3780509999997, 1145, 532.0, 4300, 2500, 141),
(208.42004799999995, 1146, 532.0, 4300, 2500, 142),
(208.45945500000016, 1147, 532.0, 4300, 2500, 143),
(208.50009799999953, 1148, 532.0, 4300, 2500, 144),
(208.5371750000004, 1149, 532.0, 4300, 2500, 145),
(208.57729199999994, 1150, 532.0, 4300, 2500, 146),
(208.62154999999984, 1151, 532.0, 4300, 2500, 147),
(208.6587669999999, 1152, 532.0, 4300, 2500, 148),
(208.69951599999968, 1153, 532.0, 4300, 2500, 149),
(208.73719999999958, 1154, 532.0, 4300, 2500, 150),
(208.77671099999952, 1155, 532.0, 4300, 2500, 151),
(208.82294399999955, 1156, 532.0, 4300, 2500, 152),
(208.8631919999998, 1157, 532.0, 4300, 2500, 153),
(208.90352699999949, 1158, 532.0, 4300, 2500, 154),
(208.9393140000002, 1159, 532.0, 4300, 2500, 155),
(208.97791899999993, 1160, 532.0, 4300, 2500, 156),
(209.01898400000027, 1161, 532.0, 4300, 2500, 157),
(209.05805299999975, 1162, 532.0, 4300, 2500, 158),
(209.10077, 1163, 532.0, 4300, 2500, 159),
(209.13889199999994, 1164, 532.0, 4300, 2500, 160),
(209.1764979999998, 1165, 532.0, 4300, 2500, 161),
(209.2209380000004, 1166, 532.0, 4300, 2500, 162),
(209.2538059999997, 1167, 532.0, 4300, 2500, 163),
(209.28625300000022, 1168, 532.0, 4300, 2500, 164),
(209.31877799999984, 1169, 532.0, 4300, 2500, 165),
(209.35126599999967, 1170, 532.0, 4300, 2500, 166),
(209.39580000000024, 1171, 532.0, 4300, 2500, 167),
(209.4342719999995, 1172, 532.0, 4300, 2500, 168),
(209.4727729999995, 1173, 532.0, 4300, 2500, 169),
(209.5140760000004, 1174, 532.0, 4300, 2500, 170),
(209.5516950000001, 1175, 532.0, 4300, 2500, 171),
(209.59309399999984, 1176, 532.0, 4300, 2500, 172),
(209.64174000000003, 1177, 532.0, 4300, 2500, 173),
(209.6811429999998, 1178, 532.0, 4300, 2500, 174),
(209.7218759999996, 1179, 532.0, 4300, 2500, 175),
(209.76247799999965, 1180, 532.0, 4300, 2500, 176),
(209.81329600000026, 1181, 532.0, 4300, 2500, 177),
(209.84791899999982, 1182, 532.0, 4300, 2500, 178),
(209.8921909999999, 1183, 532.0, 4300, 2500, 179),
(209.9394199999997, 1184, 532.0, 4300, 2500, 180),
(209.9836379999997, 1185, 532.0, 4300, 2500, 181),
(210.0252220000002, 1186, 532.0, 4300, 2500, 182),
(210.0606689999995, 1187, 532.0, 4300, 2500, 183),
(210.1033470000002, 1188, 532.0, 4300, 2500, 184),
(210.14852100000007, 1189, 532.0, 4300, 2500, 185),
(210.19409799999994, 1190, 532.0, 4300, 2500, 186),
(210.23963000000003, 1191, 532.0, 4300, 2500, 187),
(210.27424100000007, 1192, 532.0, 4300, 2500, 188),
(210.31276999999955, 1193, 532.0, 4300, 2500, 189),
(210.3541839999998, 1194, 532.0, 4300, 2500, 190),
(210.39208599999984, 1195, 532.0, 4300, 2500, 191),
(210.43117799999982, 1196, 532.0, 4300, 2500, 192),
(210.4674100000002, 1197, 532.0, 4300, 2500, 193),
(210.5042999999996, 1198, 532.0, 4300, 2500, 194),
(210.54654800000026, 1199, 532.0, 4300, 2500, 195),
(210.58418900000015, 1200, 532.0, 4300, 2500, 196),
(210.6270709999999, 1201, 532.0, 4300, 2500, 197),
(210.66393700000026, 1202, 532.0, 4300, 2500, 198),
(210.70224599999983, 1203, 532.0, 4300, 2500, 199),
(210.74603599999955, 1204, 532.0, 4300, 2500, 200),
(218.4726639999999, 1206, 532.0, 4300, 2700, 101),
(226.24549099999967, 1209, 531.0, 4300, 2700, 104),
(234.10599399999955, 1212, 534.0, 4300, 2700, 107),
(234.3462469999995, 1216, 531.0, 4300, 2700, 111),
(234.3789109999998, 1217, 531.0, 4300, 2700, 112),
(234.41137900000012, 1218, 531.0, 4300, 2700, 113),
(242.58846699999958, 1225, 531.0, 4300, 2700, 120),
(242.6209429999999, 1226, 531.0, 4300, 2700, 121),
(242.65342499999952, 1227, 531.0, 4300, 2700, 122),
(250.4709380000004, 1230, 531.0, 4300, 2700, 125),
(250.57077800000025, 1232, 531.0, 4300, 2700, 127),
(258.67970200000036, 1239, 531.0, 4300, 2700, 134),
(258.71219199999996, 1240, 531.0, 4300, 2700, 135),
(258.7447480000001, 1241, 531.0, 4300, 2700, 136),
(266.6198180000001, 1244, 531.0, 4300, 2700, 139),
