(0.0, 1, 463310.0, 3500, 2300, 100),
(12.108150999993086, 2, 463309.0, 3500, 2300, 101),
(24.2378069999977, 3, 463290.0, 3500, 2300, 102),
(48.542462999990676, 5, 463309.0, 3500, 2300, 104),
(72.80203200003598, 6, 463310.0, 3500, 2300, 105),
(84.96535399998538, 7, 463309.0, 3500, 2300, 106),
(97.24339000001783, 8, 463310.0, 3500, 2300, 107),
(121.52172700001393, 10, 463309.0, 3500, 2300, 109),
(133.57238500000676, 11, 463309.0, 3500, 2300, 110),
(145.75979500001995, 12, 463309.0, 3500, 2300, 111),
(170.21914699999616, 14, 463310.0, 3500, 2300, 113),
(182.43566600000486, 15, 463310.0, 3500, 2300, 114),
(206.93916599999648, 17, 463309.0, 3500, 2300, 116),
(219.10705300001428, 18, 295.0, 3500, 2300, 117),
(243.45344800001476, 20, 297.0, 3500, 2300, 119),
(267.84954900003504, 21, 463309.0, 3500, 2300, 120),
(280.0201620000298, 22, 295.0, 3500, 2300, 121),
(292.09003900003154, 23, 463309.0, 3500, 2300, 122),
(304.19496900000377, 24, 463309.0, 3500, 2300, 123),
(316.3378789999988, 25, 463309.0, 3500, 2300, 124),
(328.6284389999928, 26, 463309.0, 3500, 2300, 125),
(340.79982900002506, 27, 463310.0, 3500, 2300, 126),
(353.10162400000263, 28, 463309.0, 3500, 2300, 127),
(365.22891000000527, 29, 463309.0, 3500, 2300, 128),
(377.3746740000206, 30, 463309.0, 3500, 2300, 129),
(389.6232290000189, 31, 463309.0, 3500, 2300, 130),
(401.7560190000222, 32, 463310.0, 3500, 2300, 131),
(426.0304130000295, 34, 463309.0, 3500, 2300, 133),
(486.7707449999871, 37, 463874.0, 3500, 2300, 136),
(523.2873520000139, 39, 463310.0, 3500, 2300, 138),
(572.0020939999959, 42, 463309.0, 3500, 2300, 141),
(596.4632139999885, 43, 462682.0, 3500, 2300, 142),
(608.6978890000028, 44, 463309.0, 3500, 2300, 143),
(621.0174589999951, 45, 463309.0, 3500, 2300, 144),
(645.466407000029, 47, 463309.0, 3500, 2300, 146),
(669.5829900000244, 48, 463309.0, 3500, 2300, 147),
(681.7603029999882, 49, 463309.0, 3500, 2300, 148),
(693.8502440000302, 50, 463309.0, 3500, 2300, 149),
(706.0111899999902, 51, 463309.0, 3500, 2300, 150),
(778.8538440000266, 55, 464160.0, 3500, 2300, 154),
(803.086156000034, 56, 463309.0, 3500, 2300, 155),
(815.2719640000141, 57, 463309.0, 3500, 2300, 156),
(827.3896229999955, 58, 463310.0, 3500, 2300, 157),
(851.8795999999857, 60, 463309.0, 3500, 2300, 159),
(973.9860570000019, 66, 463309.0, 3500, 2300, 165),
(998.7937329999986, 67, 463307.0, 3500, 2300, 166),
(1011.2234499999904, 68, 463309.0, 3500, 2300, 167),
(1023.4526060000062, 69, 463309.0, 3500, 2300, 168),
(1035.5427860000054, 70, 463309.0, 3500, 2300, 169),
(1047.858210000035, 71, 463310.0, 3500, 2300, 170),
(1060.0668270000024, 72, 463309.0, 3500, 2300, 171),
(1072.240920000011, 73, 463309.0, 3500, 2300, 172),
(1084.4227270000265, 74, 463302.0, 3500, 2300, 173),
(1096.5330250000115, 75, 463309.0, 3500, 2300, 174),
(1108.8960100000259, 76, 463309.0, 3500, 2300, 175),
(1121.1981750000268, 77, 463310.0, 3500, 2300, 176),
(1133.3356410000124, 78, 463309.0, 3500, 2300, 177),
(1145.663675000018, 79, 463309.0, 3500, 2300, 178),
(1157.8540989999892, 80, 463309.0, 3500, 2300, 179),
(1182.210334000003, 82, 463309.0, 3500, 2300, 181),
(1206.3632760000182, 83, 463312.0, 3500, 2300, 182),
(1218.4452649999876, 84, 463309.0, 3500, 2300, 183),
(1230.5736840000027, 85, 463309.0, 3500, 2300, 184),
(1255.1809590000194, 87, 463309.0, 3500, 2300, 186),
(1267.3585240000393, 88, 463309.0, 3500, 2300, 187),
(1291.8416089999955, 90, 463310.0, 3500, 2300, 189),
(1303.9605590000283, 91, 463309.0, 3500, 2300, 190),
(1316.0509830000228, 92, 463309.0, 3500, 2300, 191),
(1328.2456349999993, 93, 463309.0, 3500, 2300, 192),
(1365.349224000005, 96, 463309.0, 3500, 2300, 195),
(1389.4857870000415, 97, 463314.0, 3500, 2300, 196),
(1425.8918890000205, 100, 463309.0, 3500, 2300, 199),
(1438.0233460000018, 101, 463309.0, 3500, 2300, 200),
(1450.1419689999893, 102, 464277.0, 3500, 2300, 201),
(1462.2130060000345, 103, 463309.0, 3500, 2300, 202),
(1474.2632350000204, 104, 463309.0, 3500, 2300, 203),
(1486.4569309999933, 105, 463310.0, 3500, 2300, 204),
(1498.6839110000292, 106, 463309.0, 3500, 2300, 205),
(1510.8886250000214, 107, 463309.0, 3500, 2300, 206),
(1522.9806190000381, 108, 463309.0, 3500, 2300, 207),
(1535.1645080000162, 109, 463309.0, 3500, 2300, 208),
(1547.3169960000087, 110, 463309.0, 3500, 2300, 209),
(1559.545770000026, 111, 464280.0, 3500, 2300, 210),
(1571.7813629999873, 112, 463309.0, 3500, 2300, 211),
(1596.0542010000208, 114, 463309.0, 3500, 2300, 213),
(1608.2716929999879, 115, 463309.0, 3500, 2300, 214),
(1620.4412740000407, 116, 464277.0, 3500, 2300, 215),
(1644.6953480000375, 118, 463320.0, 3500, 2300, 217),
(1669.1547439999995, 120, 463309.0, 3500, 2300, 219),
(1693.262825999991, 121, 463309.0, 3500, 2300, 220),
(1705.5341740000295, 122, 463309.0, 3500, 2300, 221),
(1717.7535700000008, 123, 463310.0, 3500, 2300, 222),
(1729.9513499999885, 124, 463309.0, 3500, 2300, 223),
(1742.487591000041, 125, 463317.0, 3500, 2300, 224),
(1754.5477750000427, 126, 463310.0, 3500, 2300, 225),
