(67.79837200000475, 1457, 26574.0, 3500, 2300, 116),
(68.26314500000444, 1466, 26574.0, 3500, 2300, 125),
(69.71925500000361, 1496, 52623.0, 3500, 2300, 115),
(69.78350900000078, 1497, 26574.0, 3500, 2300, 116),
(70.10152599999856, 1503, 23966.0, 3500, 2300, 122),
(71.6051060000027, 1537, 26574.0, 3500, 2300, 116),
(71.66887199999474, 1538, 26575.0, 3500, 2300, 117),
(71.78890600000159, 1540, 829650.25, 3500, 2300, 119),
(71.92892500000016, 1541, 1006011.25, 3500, 2300, 120),
(79.59320800000569, 1543, 23966.0, 3500, 2300, 122),
(79.65461500000674, 1544, 26574.0, 3500, 2300, 123),
(79.76770399999805, 1546, 26574.0, 3500, 2300, 125),
(80.76507900000433, 1566, 917297.0, 3500, 2300, 145),
(80.92094100000395, 1567, 1100145.25, 3500, 2300, 146),
(88.52642999999807, 1568, 23717.0, 3500, 2300, 147),
(145.5211660000059, 2787, 26575.0, 3900, 2400, 115),
(145.6271390000038, 2789, 26575.0, 3900, 2400, 117),
(145.91420199999993, 2795, 26574.0, 3900, 2400, 123),
(146.02489400000195, 2797, 26574.0, 3900, 2400, 125),
(146.24549800000386, 2801, 26574.0, 3900, 2400, 129),
(146.34944099999848, 2803, 26574.0, 3900, 2400, 131),
(146.45755399999325, 2805, 26575.0, 3900, 2400, 133),
(146.89570799999638, 2813, 22742.0, 3900, 2400, 141),
(147.38236600000528, 2823, 23717.0, 3900, 2400, 151),
(147.5862849999976, 2827, 26575.0, 3900, 2400, 115),
(147.74382600000536, 2829, 26575.0, 3900, 2400, 117),
(148.06438799999887, 2835, 26574.0, 3900, 2400, 123),
(148.19930100000056, 2837, 26574.0, 3900, 2400, 125),
(148.47619000000122, 2841, 26574.0, 3900, 2400, 129),
(148.61084799999662, 2843, 26574.0, 3900, 2400, 131),
(148.73251499999606, 2845, 26575.0, 3900, 2400, 133),
(149.18837600000552, 2853, 22742.0, 3900, 2400, 141),
(149.92195200000424, 2867, 26575.0, 3900, 2400, 115),
(150.04773000000569, 2869, 26575.0, 3900, 2400, 117),
(150.3654600000009, 2875, 26574.0, 3900, 2400, 123),
(150.48761999999988, 2877, 26574.0, 3900, 2400, 125),
(150.74088699999265, 2881, 26574.0, 3900, 2400, 129),
(150.86682199999632, 2883, 26574.0, 3900, 2400, 131),
(151.0550130000047, 2885, 26575.0, 3900, 2400, 133),
(151.52362999999605, 2893, 22742.0, 3900, 2400, 141),
(152.02925500000129, 2903, 23717.0, 3900, 2400, 151),
(152.28448200000275, 2908, 26575.0, 3900, 2800, 115),
(152.3982779999933, 2910, 26575.0, 3900, 2800, 117),
(152.6740129999962, 2916, 26574.0, 3900, 2800, 123),
(152.80308300000615, 2918, 26574.0, 3900, 2800, 125),
(152.9999119999993, 2922, 26574.0, 3900, 2800, 129),
(153.14177099999506, 2924, 26574.0, 3900, 2800, 131),
(153.27432899999258, 2926, 26575.0, 3900, 2800, 133),
(153.69192500000645, 2934, 22742.0, 3900, 2800, 141),
(154.22153900000558, 2944, 26326.0, 3900, 2800, 151),
(154.41498099999444, 2948, 26575.0, 3900, 2800, 115),
(154.5304460000043, 2950, 26575.0, 3900, 2800, 117),
(154.81116899999324, 2956, 26574.0, 3900, 2800, 123),
(154.93279500000062, 2958, 26574.0, 3900, 2800, 125),
(155.15010499999335, 2962, 26574.0, 3900, 2800, 129),
(155.2953739999939, 2964, 26574.0, 3900, 2800, 131),
(155.4067439999926, 2966, 26575.0, 3900, 2800, 133),
(155.8359749999945, 2974, 22724.0, 3900, 2800, 141),
(156.3485229999933, 2984, 23717.0, 3900, 2800, 151),
(156.5385799999931, 2988, 26575.0, 3900, 2800, 115),
(156.6732469999988, 2990, 26575.0, 3900, 2800, 117),
(156.97803899999417, 2996, 26574.0, 3900, 2800, 123),
(157.0865480000066, 2998, 26574.0, 3900, 2800, 125),
(157.31718300000648, 3002, 26574.0, 3900, 2800, 129),
(157.43637500000477, 3004, 26574.0, 3900, 2800, 131),
(157.5255979999929, 3006, 26575.0, 3900, 2800, 133),
(157.9248729999963, 3014, 22724.0, 3900, 2800, 141),
(158.44105500000296, 3024, 23717.0, 3900, 2800, 151),
(170.14925099999527, 3271, 26575.0, 3900, 2400, 115),
(170.25263200000336, 3273, 26575.0, 3900, 2400, 117),
(170.53235999999742, 3279, 26574.0, 3900, 2400, 123),
(170.63403699999617, 3281, 26574.0, 3900, 2400, 125),
(170.83269300000393, 3285, 26574.0, 3900, 2400, 129),
(170.94485200000054, 3287, 26574.0, 3900, 2400, 131),
(171.06883200000448, 3289, 26575.0, 3900, 2400, 133),
(171.4714959999983, 3297, 22724.0, 3900, 2400, 141),
(171.9550190000009, 3307, 23717.0, 3900, 2400, 151),
(172.17108699999517, 3311, 26575.0, 3900, 2400, 115),
(172.28913799999282, 3313, 26575.0, 3900, 2400, 117),
(172.57429800000682, 3319, 26574.0, 3900, 2400, 123),
(172.68566499999724, 3321, 26574.0, 3900, 2400, 125),
(172.88253600000462, 3325, 26574.0, 3900, 2400, 129),
(172.99387599999318, 3327, 26574.0, 3900, 2400, 131),
(173.13275200000498, 3329, 26575.0, 3900, 2400, 133),
(173.52180800000497, 3337, 22724.0, 3900, 2400, 141),
(174.027602999995, 3347, 23717.0, 3900, 2400, 151),
(174.24886900000274, 3351, 26575.0, 3900, 2400, 115),
(174.35407699999632, 3353, 26575.0, 3900, 2400, 117),
(174.68555900000501, 3359, 26574.0, 3900, 2400, 123),
(174.80427399999462, 3361, 26574.0, 3900, 2400, 125),
(175.0034869999945, 3365, 26574.0, 3900, 2400, 129),
(175.12410299999465, 3367, 26574.0, 3900, 2400, 131),
(175.24129799999355, 3369, 26575.0, 3900, 2400, 133),
(175.6740140000038, 3377, 22724.0, 3900, 2400, 141),
(176.19325599999866, 3387, 23717.0, 3900, 2400, 151),
(176.4493530000036, 3392, 26575.0, 3900, 2600, 115),
(176.56187900000077, 3394, 26575.0, 3900, 2600, 117),
(176.8465889999934, 3400, 26574.0, 3900, 2600, 123),
(176.95351399999345, 3402, 26574.0, 3900, 2600, 125),
(177.15096600000106, 3406, 26574.0, 3900, 2600, 129),
(177.26008300000103, 3408, 26574.0, 3900, 2600, 131),
(177.3734289999993, 3410, 26575.0, 3900, 2600, 133),
(177.80657200000132, 3418, 22724.0, 3900, 2600, 141),
(178.36161199999333, 3428, 23717.0, 3900, 2600, 151),
(178.62612499999523, 3432, 26575.0, 3900, 2600, 115),
(178.75643199999467, 3434, 26575.0, 3900, 2600, 117),
(179.0904659999942, 3440, 26574.0, 3900, 2600, 123),
(179.20937199999753, 3442, 26574.0, 3900, 2600, 125),
(179.4187349999993, 3446, 26574.0, 3900, 2600, 129),
(179.54212699999334, 3448, 26574.0, 3900, 2600, 131),
(179.6670690000028, 3450, 26575.0, 3900, 2600, 133),
(180.09787300000608, 3458, 22724.0, 3900, 2600, 141),
(180.58015799999703, 3468, 23717.0, 3900, 2600, 151),
(180.77636299999722, 3472, 26575.0, 3900, 2600, 115),
(180.8789470000047, 3474, 26575.0, 3900, 2600, 117),
(181.2332449999958, 3480, 26574.0, 3900, 2600, 123),
(181.35349100000167, 3482, 26574.0, 3900, 2600, 125),
(181.6265279999934, 3486, 26574.0, 3900, 2600, 129),
(181.74766900000395, 3488, 26574.0, 3900, 2600, 131),
(181.87150100000144, 3490, 26575.0, 3900, 2600, 133),
(182.3293479999993, 3498, 22724.0, 3900, 2600, 141),
(182.83135399999446, 3508, 23717.0, 3900, 2600, 151),
(183.1164690000005, 3513, 26575.0, 3900, 2800, 115),
(183.23453299999528, 3515, 26575.0, 3900, 2800, 117),
(183.5759390000021, 3521, 26574.0, 3900, 2800, 123),
(183.69328399999358, 3523, 26574.0, 3900, 2800, 125),
(183.91289300000062, 3527, 26574.0, 3900, 2800, 129),
(184.04100699999253, 3529, 26574.0, 3900, 2800, 131),
(184.1748430000007, 3531, 26575.0, 3900, 2800, 133),
(184.59429700000328, 3539, 22724.0, 3900, 2800, 141),
(185.15717000000586, 3549, 23717.0, 3900, 2800, 151),
(185.3695250000019, 3553, 26575.0, 3900, 2800, 115),
(185.4976619999943, 3555, 26575.0, 3900, 2800, 117),
(185.81329299999925, 3561, 26574.0, 3900, 2800, 123),
(185.92633600000408, 3563, 26574.0, 3900, 2800, 125),
(186.1672749999998, 3567, 26574.0, 3900, 2800, 129),
(186.2751600000047, 3569, 26574.0, 3900, 2800, 131),
(186.38837200000125, 3571, 26575.0, 3900, 2800, 133),
(186.80705099999614, 3579, 22724.0, 3900, 2800, 141),
(187.3282279999985, 3589, 26326.0, 3900, 2800, 151),
(187.5357159999985, 3593, 26575.0, 3900, 2800, 115),
(187.63108700000157, 3595, 26575.0, 3900, 2800, 117),
(187.9370729999937, 3601, 26574.0, 3900, 2800, 123),
(188.07291299999633, 3603, 26574.0, 3900, 2800, 125),
(188.33234500000253, 3607, 26574.0, 3900, 2800, 129),
(188.47432199999457, 3609, 26574.0, 3900, 2800, 131),
(188.59882800000196, 3611, 26575.0, 3900, 2800, 133),
(189.0120440000028, 3619, 22742.0, 3900, 2800, 141),
(189.4847379999992, 3629, 23717.0, 3900, 2800, 151),
(189.77339800000482, 3634, 26575.0, 3900, 3000, 115),
(190.4776039999997, 3648, 26574.0, 3900, 3000, 129),
(191.75653100000636, 3674, 26575.0, 3900, 3000, 115),
(192.5471039999975, 3688, 26574.0, 3900, 3000, 129),
(193.84032800000568, 3714, 26575.0, 3900, 3000, 115),
(194.53906700000516, 3728, 26574.0, 3900, 3000, 129),
(201.6947380000056, 3876, 26575.0, 3900, 2100, 115),
(202.42901900000288, 3890, 26574.0, 3900, 2100, 129),
(203.7662699999928, 3916, 26575.0, 3900, 2100, 115),
(204.56567100000393, 3930, 26574.0, 3900, 2100, 129),
(205.8647670000064, 3956, 26575.0, 3900, 2100, 115),
(206.57954999999492, 3970, 26574.0, 3900, 2100, 129),
(213.81494300000486, 4119, 26574.0, 3900, 2300, 116),
(214.6633109999966, 4134, 26574.0, 3900, 2300, 131),
(215.99220900000364, 4159, 26574.0, 3900, 2300, 116),
(216.49757199999294, 4168, 26574.0, 3900, 2300, 125),
(218.01271700000507, 4199, 48724.0, 3900, 2300, 116),
(218.39944700000342, 4206, 26574.0, 3900, 2300, 123),
(218.83955999999307, 4214, 26574.0, 3900, 2300, 131),
(219.59654499999306, 4228, 23718.0, 3900, 2300, 145),
(220.16407600000093, 4239, 26575.0, 3900, 2400, 115),
(220.28849200000695, 4241, 26575.0, 3900, 2400, 117),
(220.63205800000287, 4247, 26574.0, 3900, 2400, 123),
(220.73384899999655, 4249, 26574.0, 3900, 2400, 125),
(220.98971199999505, 4253, 26574.0, 3900, 2400, 129),
(221.10999599999923, 4255, 26574.0, 3900, 2400, 131),
(221.2372400000022, 4257, 26575.0, 3900, 2400, 133),
(221.64624600000388, 4265, 22742.0, 3900, 2400, 141),
(222.1787309999927, 4275, 23717.0, 3900, 2400, 151),
(222.38062399999762, 4279, 26575.0, 3900, 2400, 115),
(222.527224999998, 4281, 26575.0, 3900, 2400, 117),
(222.82985799999733, 4287, 26574.0, 3900, 2400, 123),
(222.94435999999405, 4289, 26574.0, 3900, 2400, 125),
(223.1838379999972, 4293, 26574.0, 3900, 2400, 129),
(223.29601799999364, 4295, 26574.0, 3900, 2400, 131),
(223.42214700000477, 4297, 26575.0, 3900, 2400, 133),
(223.8622400000022, 4305, 22724.0, 3900, 2400, 141),
(224.3902919999964, 4315, 23717.0, 3900, 2400, 151),
(224.60622099999455, 4319, 26575.0, 3900, 2400, 115),
(224.72749000000476, 4321, 26575.0, 3900, 2400, 117),
(225.04244799999287, 4327, 26574.0, 3900, 2400, 123),
(225.1619389999978, 4329, 26574.0, 3900, 2400, 125),
(225.38487199999508, 4333, 26574.0, 3900, 2400, 129),
(225.50636400000076, 4335, 26574.0, 3900, 2400, 131),
(225.63658599999326, 4337, 26575.0, 3900, 2400, 133),
(226.0637160000042, 4345, 22742.0, 3900, 2400, 141),
(226.58885099999316, 4355, 23717.0, 3900, 2400, 151),
(226.87466800000402, 4360, 26575.0, 3900, 2500, 115),
(227.02045599999838, 4362, 26575.0, 3900, 2500, 117),
(227.3568430000014, 4368, 22680.0, 3900, 2500, 123),
(227.48702899999626, 4370, 26574.0, 3900, 2500, 125),
(227.6890129999956, 4374, 26574.0, 3900, 2500, 129),
(227.79128400000627, 4376, 26574.0, 3900, 2500, 131),
(228.7413249999954, 4395, 23717.0, 3900, 2500, 150),
(229.03065600000264, 4400, 26575.0, 3900, 2500, 115),
(229.14990999999281, 4402, 26575.0, 3900, 2500, 117),
(229.44212399999378, 4408, 22680.0, 3900, 2500, 123),
(229.56010000000242, 4410, 26574.0, 3900, 2500, 125),
(229.78518299999996, 4414, 26574.0, 3900, 2500, 129),
(229.89421800000127, 4416, 26574.0, 3900, 2500, 131),
(230.8531190000067, 4435, 23717.0, 3900, 2500, 150),
(231.12252999999328, 4440, 26575.0, 3900, 2500, 115),
(231.24005399999442, 4442, 26575.0, 3900, 2500, 117),
(231.5627439999953, 4448, 22680.0, 3900, 2500, 123),
(231.68424099999538, 4450, 26574.0, 3900, 2500, 125),
(231.91217500000494, 4454, 26574.0, 3900, 2500, 129),
(232.03939200000605, 4456, 26574.0, 3900, 2500, 131),
(233.00473099999363, 4475, 23717.0, 3900, 2500, 150),
(233.31978099999833, 4481, 26575.0, 3900, 2600, 115),
(233.4712819999986, 4483, 26575.0, 3900, 2600, 117),
(233.84522200000356, 4489, 26574.0, 3900, 2600, 123),
(233.99212599999737, 4491, 26574.0, 3900, 2600, 125),
(234.23354400000244, 4495, 26574.0, 3900, 2600, 129),
(234.36938699999882, 4497, 26574.0, 3900, 2600, 131),
(234.50491099999635, 4499, 26575.0, 3900, 2600, 133),
(234.9217820000049, 4507, 22724.0, 3900, 2600, 141),
(235.41504999999597, 4517, 23717.0, 3900, 2600, 151),
(235.6762529999978, 4521, 26575.0, 3900, 2600, 115),
(235.7990310000023, 4523, 26575.0, 3900, 2600, 117),
(236.11170700000366, 4529, 26574.0, 3900, 2600, 123),
(236.24264899999253, 4531, 26574.0, 3900, 2600, 125),
(236.47882899999968, 4535, 26574.0, 3900, 2600, 129),
(236.5995319999929, 4537, 26574.0, 3900, 2600, 131),
(236.73610100000224, 4539, 26575.0, 3900, 2600, 133),
(237.2135569999955, 4547, 22724.0, 3900, 2600, 141),
(237.88442499999655, 4561, 26575.0, 3900, 2600, 115),
(238.01963700000488, 4563, 26575.0, 3900, 2600, 117),
(238.38229900000442, 4569, 26574.0, 3900, 2600, 123),
(238.5136119999952, 4571, 26574.0, 3900, 2600, 125),
(238.75808899999538, 4575, 26574.0, 3900, 2600, 129),
(238.87951600000088, 4577, 26574.0, 3900, 2600, 131),
(239.00039899999683, 4579, 26575.0, 3900, 2600, 133),
(239.40814699999464, 4587, 22724.0, 3900, 2600, 141),
(240.004780999996, 4597, 23717.0, 3900, 2600, 151),
(240.27142200000526, 4602, 26575.0, 3900, 2700, 115),
(240.40551899999264, 4604, 26575.0, 3900, 2700, 117),
(240.7428590000054, 4610, 26574.0, 3900, 2700, 123),
(240.85424200000125, 4612, 26574.0, 3900, 2700, 125),
(241.08785799999896, 4616, 26574.0, 3900, 2700, 129),
(241.19540899999265, 4618, 26574.0, 3900, 2700, 131),
(241.2986990000063, 4620, 26575.0, 3900, 2700, 133),
(241.7078920000058, 4628, 22724.0, 3900, 2700, 141),
(242.2203770000051, 4638, 23717.0, 3900, 2700, 151),
(242.4552640000038, 4642, 26575.0, 3900, 2700, 115),
(242.56773500000418, 4644, 26575.0, 3900, 2700, 117),
(242.89746199999354, 4650, 26574.0, 3900, 2700, 123),
(243.00728099999833, 4652, 26574.0, 3900, 2700, 125),
(243.23498599999584, 4656, 26574.0, 3900, 2700, 129),
(243.35223800000676, 4658, 26574.0, 3900, 2700, 131),
(243.48322100000223, 4660, 26575.0, 3900, 2700, 133),
(243.92961199999263, 4668, 22724.0, 3900, 2700, 141),
(244.49954299999808, 4678, 23717.0, 3900, 2700, 151),
(244.74423700000625, 4682, 26575.0, 3900, 2700, 115),
(244.8522879999946, 4684, 26575.0, 3900, 2700, 117),
(245.1964730000036, 4690, 26574.0, 3900, 2700, 123),
(245.32852700000512, 4692, 26574.0, 3900, 2700, 125),
(245.5799299999926, 4696, 26574.0, 3900, 2700, 129),
(245.69899099999748, 4698, 26574.0, 3900, 2700, 131),
(245.8255499999941, 4700, 26575.0, 3900, 2700, 133),
(246.24243100000604, 4708, 22724.0, 3900, 2700, 141),
(246.73619599999802, 4718, 23717.0, 3900, 2700, 151),
(247.00894099999277, 4723, 26575.0, 3900, 2800, 115),
(247.13156300000264, 4725, 26575.0, 3900, 2800, 117),
(247.4955190000037, 4731, 26574.0, 3900, 2800, 123),
(247.6239910000004, 4733, 26574.0, 3900, 2800, 125),
(247.81678599999577, 4737, 26574.0, 3900, 2800, 129),
(247.92168800000218, 4739, 26574.0, 3900, 2800, 131),
(248.03004399999918, 4741, 26575.0, 3900, 2800, 133),
(248.42265500000212, 4749, 22724.0, 3900, 2800, 141),
(248.96209099999396, 4759, 23717.0, 3900, 2800, 151),
(249.1743290000013, 4763, 26575.0, 3900, 2800, 115),
(249.29218800000672, 4765, 26575.0, 3900, 2800, 117),
(249.64222999999765, 4771, 26574.0, 3900, 2800, 123),
(249.79633599999943, 4773, 26574.0, 3900, 2800, 125),
(250.05292899999768, 4777, 26574.0, 3900, 2800, 129),
(250.18502999999328, 4779, 26574.0, 3900, 2800, 131),
(250.31735599999956, 4781, 26575.0, 3900, 2800, 133),
(250.8012449999951, 4789, 22724.0, 3900, 2800, 141),
(251.38777899999695, 4799, 26326.0, 3900, 2800, 151),
(251.65702100000635, 4803, 26575.0, 3900, 2800, 115),
(251.78905700000178, 4805, 26575.0, 3900, 2800, 117),
(252.12635900000168, 4811, 26574.0, 3900, 2800, 123),
(252.24456900000223, 4813, 26574.0, 3900, 2800, 125),
(252.48153699999966, 4817, 26574.0, 3900, 2800, 129),
(252.63654799999495, 4819, 26574.0, 3900, 2800, 131),
(252.76104899999336, 4821, 26575.0, 3900, 2800, 133),
(253.21329400000104, 4829, 22742.0, 3900, 2800, 141),
(253.742213000005, 4839, 23717.0, 3900, 2800, 151),
(259.926707000006, 4965, 26575.0, 3900, 3000, 115),
(260.59987000000547, 4979, 26574.0, 3900, 3000, 129),
(261.8408230000059, 5005, 26575.0, 3900, 3000, 115),
(262.5056690000056, 5019, 26574.0, 3900, 3000, 129),
(263.7360570000019, 5045, 26575.0, 3900, 3000, 115),
(264.40298600000096, 5059, 26574.0, 3900, 3000, 129),
(277.064102999997, 5327, 845604.0, 4300, 2000, 114),
(277.20608899999934, 5328, 1063979.25, 4300, 2000, 115),
(277.20608899999934, 5328, 22659.0, 4300, 2000, 115),
(284.8352909999958, 5329, 48706.0, 4300, 2000, 116),
(284.9010879999987, 5330, 26576.0, 4300, 2000, 117),
(285.0078899999935, 5332, 26575.0, 4300, 2000, 119),
(285.1964350000053, 5336, 840914.75, 4300, 2000, 123),
(285.33712599999853, 5337, 1012672.25, 4300, 2000, 124),
(285.33712599999853, 5337, 52618.0, 4300, 2000, 124),
(292.9463039999973, 5339, 26574.0, 4300, 2000, 126),
(293.04990699999325, 5341, 843413.5, 4300, 2000, 128),
(293.18999800000165, 5342, 1047920.0, 4300, 2000, 129),
(293.18999800000165, 5342, 22658.0, 4300, 2000, 129),
(300.78662499999336, 5343, 22680.0, 4300, 2000, 130),
(300.87456199999724, 5344, 22662.0, 4300, 2000, 131),
(300.9959879999951, 5346, 26574.0, 4300, 2000, 133),
(301.20420100000047, 5350, 827133.75, 4300, 2000, 137),
(301.359500999999, 5351, 985192.5, 4300, 2000, 138),
(301.359500999999, 5351, 22429.0, 4300, 2000, 138),
(309.0640310000017, 5353, 847018.5, 4300, 2000, 140),
(309.2108500000031, 5354, 972169.75, 4300, 2000, 141),
(309.2108500000031, 5354, 26906.0, 4300, 2000, 141),
(317.0463219999947, 5358, 887467.0, 4300, 2000, 145),
(317.1971259999991, 5359, 1056538.5, 4300, 2000, 146),
(317.1971259999991, 5359, 26327.0, 4300, 2000, 146),
(324.9987379999948, 5363, 849754.25, 4300, 2000, 150),
(325.14163800000097, 5364, 1028342.5, 4300, 2000, 151),
(325.14163800000097, 5364, 22411.0, 4300, 2000, 151),
(332.81901500000095, 5367, 794525.5, 4300, 2000, 114),
(332.9548439999926, 5368, 942920.0, 4300, 2000, 115),
(332.9548439999926, 5368, 22659.0, 4300, 2000, 115),
(340.4962979999982, 5369, 48706.0, 4300, 2000, 116),
(340.57007400000293, 5370, 26576.0, 4300, 2000, 117),
(340.6813939999993, 5372, 26575.0, 4300, 2000, 119),
(340.89496799999324, 5376, 826231.25, 4300, 2000, 123),
(341.0359199999948, 5377, 1064208.0, 4300, 2000, 124),
(341.0359199999948, 5377, 52618.0, 4300, 2000, 124),
(348.66625999999815, 5379, 26574.0, 4300, 2000, 126),
(348.7762939999957, 5381, 942703.75, 4300, 2000, 128),
(348.9311460000026, 5382, 1084011.25, 4300, 2000, 129),
(348.9311460000026, 5382, 22658.0, 4300, 2000, 129),
(356.5447039999999, 5383, 22680.0, 4300, 2000, 130),
(356.6078600000037, 5384, 22662.0, 4300, 2000, 131),
(356.6657470000064, 5385, 22661.0, 4300, 2000, 132),
(356.72505999999703, 5386, 26574.0, 4300, 2000, 133),
(356.9230589999934, 5390, 884781.5, 4300, 2000, 137),
(357.07961099999375, 5391, 1020344.25, 4300, 2000, 138),
(357.07961099999375, 5391, 22429.0, 4300, 2000, 138),
(364.7048300000024, 5393, 899449.25, 4300, 2000, 140),
(364.8594829999929, 5394, 1064319.5, 4300, 2000, 141),
(364.8594829999929, 5394, 26906.0, 4300, 2000, 141),
(372.62539800000377, 5398, 920335.0, 4300, 2000, 145),
(372.7778649999964, 5399, 1049482.0, 4300, 2000, 146),
(372.7778649999964, 5399, 26327.0, 4300, 2000, 146),
(380.5202250000002, 5403, 824892.25, 4300, 2000, 150),
(380.658276999995, 5404, 955594.25, 4300, 2000, 151),
(380.658276999995, 5404, 22411.0, 4300, 2000, 151),
(388.35167800000636, 5407, 811096.25, 4300, 2000, 114),
(388.4911909999937, 5408, 937196.5, 4300, 2000, 115),
(388.4911909999937, 5408, 22659.0, 4300, 2000, 115),
(396.07368600000336, 5409, 48706.0, 4300, 2000, 116),
(396.13745100000233, 5410, 52625.0, 4300, 2000, 117),
(396.23763899999904, 5412, 26575.0, 4300, 2000, 119),
(396.41838600000483, 5416, 853664.75, 4300, 2000, 123),
(396.56292300000496, 5417, 993366.25, 4300, 2000, 124),
(396.56292300000496, 5417, 52618.0, 4300, 2000, 124),
(404.14093100000173, 5419, 26574.0, 4300, 2000, 126),
(404.24975699999777, 5421, 830436.0, 4300, 2000, 128),
(404.3958879999991, 5422, 944566.5, 4300, 2000, 129),
(404.3958879999991, 5422, 22658.0, 4300, 2000, 129),
(412.0712590000039, 5423, 22680.0, 4300, 2000, 130),
(412.13037100000656, 5424, 22664.0, 4300, 2000, 131),
(412.2688749999943, 5426, 26574.0, 4300, 2000, 133),
(412.4906970000011, 5430, 933616.75, 4300, 2000, 137),
(412.649436000007, 5431, 1092591.25, 4300, 2000, 138),
(412.649436000007, 5431, 22429.0, 4300, 2000, 138),
(420.48855500000354, 5433, 823573.75, 4300, 2000, 140),
(420.6425429999945, 5434, 1035242.0, 4300, 2000, 141),
(420.6425429999945, 5434, 26906.0, 4300, 2000, 141),
(428.3660130000062, 5438, 822135.5, 4300, 2000, 145),
(428.5038429999986, 5439, 924276.25, 4300, 2000, 146),
(428.5038429999986, 5439, 26327.0, 4300, 2000, 146),
(436.3287960000016, 5443, 899435.0, 4300, 2000, 150),
(436.4758679999941, 5444, 998225.75, 4300, 2000, 151),
(436.4758679999941, 5444, 22411.0, 4300, 2000, 151),
(444.21702900000673, 5447, 405268.25, 4300, 2400, 113),
(444.2999439999985, 5448, 504607.0, 4300, 2400, 114),
(444.2999439999985, 5448, 22683.0, 4300, 2400, 114),
(451.9642409999942, 5449, 22664.0, 4300, 2400, 115),
(452.03659000000334, 5450, 52625.0, 4300, 2400, 116),
(452.09826699999394, 5451, 26580.0, 4300, 2400, 117),
(452.16721499999403, 5452, 26578.0, 4300, 2400, 118),
(452.23809100000653, 5453, 896002.0, 4300, 2400, 119),
(452.38774099999864, 5454, 1058737.75, 4300, 2400, 120),
(452.38774099999864, 5454, 26572.0, 4300, 2400, 120),
(460.1131619999942, 5457, 48723.0, 4300, 2400, 123),
(460.20521899999585, 5458, 944115.75, 4300, 2400, 124),
(460.3726150000002, 5459, 1108387.75, 4300, 2400, 125),
(467.98212699999567, 5460, 26574.0, 4300, 2400, 126),
(468.04099100000167, 5461, 323346.25, 4300, 2400, 127),
(468.1213960000023, 5462, 512246.0, 4300, 2400, 128),
(468.1213960000023, 5462, 22683.0, 4300, 2400, 128),
(475.74941099999705, 5463, 22664.0, 4300, 2400, 129),
(475.8199100000056, 5464, 26581.0, 4300, 2400, 130),
(475.9735539999965, 5467, 873847.25, 4300, 2400, 133),
(476.1346429999976, 5468, 1028494.0, 4300, 2400, 134),
(476.1346429999976, 5468, 26912.0, 4300, 2400, 134),
(484.1763740000024, 5471, 22682.0, 4300, 2400, 137),
(484.30226799999946, 5473, 26578.0, 4300, 2400, 139),
(484.371358999997, 5474, 22662.0, 4300, 2400, 140),
(484.4427949999954, 5475, 827797.5, 4300, 2400, 141),
(484.58181499999773, 5476, 932327.25, 4300, 2400, 142),
(492.23595699999714, 5479, 22432.0, 4300, 2400, 145),
(492.2949079999962, 5480, 818476.5, 4300, 2400, 146),
(492.43264899999485, 5481, 946535.25, 4300, 2400, 147),
(492.43264899999485, 5481, 26975.0, 4300, 2400, 147),
(500.17525800000294, 5483, 866465.0, 4300, 2400, 149),
(500.32360200000403, 5484, 1020090.5, 4300, 2400, 150),
(500.32360200000403, 5484, 22745.0, 4300, 2400, 150),
(507.91516099999717, 5485, 26663.0, 4300, 2400, 151),
(507.97360800000024, 5486, 26640.0, 4300, 2400, 152),
(508.0344369999948, 5487, 52372.0, 4300, 2400, 113),
(508.0994800000044, 5488, 22683.0, 4300, 2400, 114),
(508.1618080000044, 5489, 22664.0, 4300, 2400, 115),
(508.22325199999614, 5490, 52625.0, 4300, 2400, 116),
(508.2838880000054, 5491, 26580.0, 4300, 2400, 117),
(508.34904200000165, 5492, 26578.0, 4300, 2400, 118),
(508.4048460000049, 5493, 897781.0, 4300, 2400, 119),
(508.5565610000049, 5494, 1024616.5, 4300, 2400, 120),
(508.5565610000049, 5494, 26572.0, 4300, 2400, 120),
(516.2119090000051, 5497, 48723.0, 4300, 2400, 123),
(516.2786930000002, 5498, 841495.25, 4300, 2400, 124),
(516.4306179999985, 5499, 968922.0, 4300, 2400, 125),
(524.0268269999942, 5500, 26574.0, 4300, 2400, 126),
(524.1004819999944, 5501, 293857.75, 4300, 2400, 127),
(524.1756860000023, 5502, 402418.5, 4300, 2400, 128),
(524.1756860000023, 5502, 22665.0, 4300, 2400, 128),
(531.7978830000065, 5503, 22682.0, 4300, 2400, 129),
(531.870167000001, 5504, 26581.0, 4300, 2400, 130),
(532.0195349999995, 5507, 855269.25, 4300, 2400, 133),
(532.1668050000007, 5508, 953755.0, 4300, 2400, 134),
(532.1668050000007, 5508, 26912.0, 4300, 2400, 134),
(539.8736709999939, 5511, 22682.0, 4300, 2400, 137),
(539.989241999996, 5513, 26578.0, 4300, 2400, 139),
(540.0491670000047, 5514, 22662.0, 4300, 2400, 140),
(540.1198100000038, 5515, 871823.5, 4300, 2400, 141),
(540.2668359999952, 5516, 968467.5, 4300, 2400, 142),
(548.0019089999987, 5519, 22432.0, 4300, 2400, 145),
(548.0816789999953, 5520, 968503.75, 4300, 2400, 146),
(548.2419709999958, 5521, 1072512.25, 4300, 2400, 147),
(548.2419709999958, 5521, 26975.0, 4300, 2400, 147),
(555.8808660000068, 5523, 904495.0, 4300, 2400, 149),
(556.0377889999945, 5524, 1038476.75, 4300, 2400, 150),
(556.0377889999945, 5524, 22745.0, 4300, 2400, 150),
(563.6426329999958, 5525, 26663.0, 4300, 2400, 151),
(563.7080419999984, 5526, 26640.0, 4300, 2400, 152),
(563.7742739999958, 5527, 352940.5, 4300, 2400, 113),
(563.8513539999985, 5528, 456747.5, 4300, 2400, 114),
(563.8513539999985, 5528, 22683.0, 4300, 2400, 114),
(571.4023730000044, 5529, 22664.0, 4300, 2400, 115),
(571.4624329999933, 5530, 52625.0, 4300, 2400, 116),
(571.5399440000037, 5531, 26580.0, 4300, 2400, 117),
(571.6023089999944, 5532, 26578.0, 4300, 2400, 118),
(571.6582400000043, 5533, 874588.5, 4300, 2400, 119),
(571.8032099999982, 5534, 984141.5, 4300, 2400, 120),
(571.8032099999982, 5534, 26572.0, 4300, 2400, 120),
(579.6560969999991, 5537, 48723.0, 4300, 2400, 123),
(579.7180809999991, 5538, 839737.5, 4300, 2400, 124),
(579.8589990000037, 5539, 959281.25, 4300, 2400, 125),
(587.479044000007, 5540, 26574.0, 4300, 2400, 126),
(587.5498879999941, 5541, 284588.75, 4300, 2400, 127),
(587.6144550000026, 5542, 379566.5, 4300, 2400, 128),
(587.6144550000026, 5542, 22683.0, 4300, 2400, 128),
(595.2385030000005, 5543, 22664.0, 4300, 2400, 129),
(595.3043009999965, 5544, 26581.0, 4300, 2400, 130),
(595.4753679999994, 5547, 991648.25, 4300, 2400, 133),
(595.636885999993, 5548, 1170060.5, 4300, 2400, 134),
(595.636885999993, 5548, 26912.0, 4300, 2400, 134),
(603.448298000003, 5551, 22682.0, 4300, 2400, 137),
(603.5584789999994, 5553, 26578.0, 4300, 2400, 139),
(603.6243810000014, 5554, 22662.0, 4300, 2400, 140),
(603.6917410000024, 5555, 856783.25, 4300, 2400, 141),
(603.8350320000027, 5556, 1026499.0, 4300, 2400, 142),
(611.5379220000032, 5559, 22432.0, 4300, 2400, 145),
(611.5952300000063, 5560, 1034435.0, 4300, 2400, 146),
(611.7660739999992, 5561, 1192346.5, 4300, 2400, 147),
(611.7660739999992, 5561, 26975.0, 4300, 2400, 147),
(619.462486999997, 5563, 849725.25, 4300, 2400, 149),
(619.6093039999978, 5564, 1027514.5, 4300, 2400, 150),
(619.6093039999978, 5564, 22745.0, 4300, 2400, 150),
(627.2670170000056, 5565, 26663.0, 4300, 2400, 151),
(627.3273769999942, 5566, 26640.0, 4300, 2400, 152),
(627.4707539999945, 5569, 28843.0, 4300, 2800, 114),
(627.5753839999961, 5571, 48724.0, 4300, 2800, 116),
(627.6504229999991, 5572, 26575.0, 4300, 2800, 117),
(627.7900200000004, 5574, 26575.0, 4300, 2800, 119),
(628.0049219999928, 5578, 28843.0, 4300, 2800, 123),
(628.0662089999969, 5579, 52618.0, 4300, 2800, 124),
(628.1303409999964, 5580, 52618.0, 4300, 2800, 125),
(628.2984080000024, 5583, 28843.0, 4300, 2800, 128),
(628.4054780000006, 5585, 22680.0, 4300, 2800, 130),
(628.4899009999936, 5586, 26574.0, 4300, 2800, 131),
(628.6013479999965, 5588, 26574.0, 4300, 2800, 133),
(628.6607320000039, 5589, 26574.0, 4300, 2800, 134),
(628.8169289999933, 5592, 28841.0, 4300, 2800, 137),
(629.0059619999956, 5595, 28843.0, 4300, 2800, 140),
(629.0858279999957, 5596, 26906.0, 4300, 2800, 141),
(629.1565850000043, 5597, 26906.0, 4300, 2800, 142),
(629.3222620000015, 5600, 28843.0, 4300, 2800, 145),
(629.3868959999963, 5601, 26327.0, 4300, 2800, 146),
(629.4735260000016, 5602, 26327.0, 4300, 2800, 147),
(629.6559379999962, 5605, 28842.0, 4300, 2800, 150),
(629.8625789999933, 5609, 28843.0, 4300, 2800, 114),
(629.9561050000048, 5611, 48706.0, 4300, 2800, 116),
(630.016134000005, 5612, 26575.0, 4300, 2800, 117),
(630.121530999997, 5614, 26575.0, 4300, 2800, 119),
(630.1826839999994, 5615, 26575.0, 4300, 2800, 120),
(630.3321270000015, 5618, 28843.0, 4300, 2800, 123),
(630.3912680000067, 5619, 52618.0, 4300, 2800, 124),
(630.4563070000004, 5620, 52618.0, 4300, 2800, 125),
(630.6030129999999, 5623, 28843.0, 4300, 2800, 128),
(630.7115749999939, 5625, 22662.0, 4300, 2800, 130),
(630.7779480000027, 5626, 26574.0, 4300, 2800, 131),
(630.8863660000061, 5628, 26574.0, 4300, 2800, 133),
(630.9495250000036, 5629, 26574.0, 4300, 2800, 134),
(631.0954210000054, 5632, 28841.0, 4300, 2800, 137),
(631.2365270000009, 5635, 28843.0, 4300, 2800, 140),
(631.3032810000004, 5636, 26906.0, 4300, 2800, 141),
(631.3689129999984, 5637, 26906.0, 4300, 2800, 142),
(631.5153019999998, 5640, 28843.0, 4300, 2800, 145),
(631.5772739999957, 5641, 26327.0, 4300, 2800, 146),
(631.6576400000049, 5642, 26327.0, 4300, 2800, 147),
(631.8583599999984, 5645, 28842.0, 4300, 2800, 150),
(632.0285049999948, 5649, 28843.0, 4300, 2800, 114),
(632.1325320000033, 5651, 48724.0, 4300, 2800, 116),
(632.2229919999954, 5652, 26575.0, 4300, 2800, 117),
(632.3500029999996, 5654, 26575.0, 4300, 2800, 119),
(632.5559039999935, 5658, 28843.0, 4300, 2800, 123),
(632.6294800000032, 5659, 52618.0, 4300, 2800, 124),
(632.6960070000059, 5660, 52618.0, 4300, 2800, 125),
(632.8726590000006, 5663, 28843.0, 4300, 2800, 128),
(633.0057159999997, 5665, 22680.0, 4300, 2800, 130),
(633.0858440000011, 5666, 26574.0, 4300, 2800, 131),
(633.2297830000025, 5668, 26574.0, 4300, 2800, 133),
(633.2899670000043, 5669, 26574.0, 4300, 2800, 134),
(633.4690549999941, 5672, 28841.0, 4300, 2800, 137),
(633.6321500000049, 5675, 28843.0, 4300, 2800, 140),
(633.7208810000011, 5676, 26906.0, 4300, 2800, 141),
(633.8026850000024, 5677, 26906.0, 4300, 2800, 142),
(633.9786330000061, 5680, 28843.0, 4300, 2800, 145),
(634.1080130000046, 5682, 26327.0, 4300, 2800, 147),
(634.2804170000018, 5685, 28842.0, 4300, 2800, 150),
(645.8942030000035, 5931, 52372.0, 4300, 2400, 113),
(645.9645170000003, 5932, 22683.0, 4300, 2400, 114),
(646.0295639999968, 5933, 22664.0, 4300, 2400, 115),
(646.0972889999975, 5934, 52625.0, 4300, 2400, 116),
(646.1643570000015, 5935, 26580.0, 4300, 2400, 117),
(646.2236310000008, 5936, 26578.0, 4300, 2400, 118),
(646.2826050000003, 5937, 836121.75, 4300, 2400, 119),
(646.4218499999988, 5938, 974990.25, 4300, 2400, 120),
(646.4218499999988, 5938, 26572.0, 4300, 2400, 120),
(654.0997630000056, 5941, 48723.0, 4300, 2400, 123),
(654.1623289999989, 5942, 919938.25, 4300, 2400, 124),
(654.322033000004, 5943, 1031841.5, 4300, 2400, 125),
(661.8991760000063, 5944, 26574.0, 4300, 2400, 126),
(661.970524999997, 5945, 26328.0, 4300, 2400, 127),
(662.0394169999927, 5946, 22683.0, 4300, 2400, 128),
(662.101079, 5947, 22664.0, 4300, 2400, 129),
(662.1656789999979, 5948, 26581.0, 4300, 2400, 130),
(662.3418810000003, 5951, 969589.5, 4300, 2400, 133),
(662.5129779999988, 5952, 1101930.5, 4300, 2400, 134),
(662.5129779999988, 5952, 26912.0, 4300, 2400, 134),
(670.2738260000042, 5955, 22682.0, 4300, 2400, 137),
(670.3886110000021, 5957, 26578.0, 4300, 2400, 139),
(670.4464509999962, 5958, 22662.0, 4300, 2400, 140),
(670.5177220000041, 5959, 942715.25, 4300, 2400, 141),
(670.6707480000041, 5960, 1057768.0, 4300, 2400, 142),
(678.5174289999995, 5963, 22414.0, 4300, 2400, 145),
(678.585797000007, 5964, 858038.0, 4300, 2400, 146),
(678.7291689999984, 5965, 967575.0, 4300, 2400, 147),
(678.7291689999984, 5965, 26975.0, 4300, 2400, 147),
(686.6265980000026, 5967, 900380.0, 4300, 2400, 149),
(686.7769350000017, 5968, 1008991.5, 4300, 2400, 150),
(686.7769350000017, 5968, 22745.0, 4300, 2400, 150),
(694.4672540000029, 5969, 26663.0, 4300, 2400, 151),
(694.5415219999995, 5970, 26640.0, 4300, 2400, 152),
(694.604582999993, 5971, 289188.75, 4300, 2400, 113),
(694.6700339999952, 5972, 430060.25, 4300, 2400, 114),
(694.6700339999952, 5972, 22683.0, 4300, 2400, 114),
(702.280580000006, 5973, 22664.0, 4300, 2400, 115),
(702.3454070000007, 5974, 52625.0, 4300, 2400, 116),
(702.4054170000018, 5975, 26580.0, 4300, 2400, 117),
(702.462452000007, 5976, 26578.0, 4300, 2400, 118),
(702.5287450000033, 5977, 828563.0, 4300, 2400, 119),
(702.6745870000013, 5978, 949140.25, 4300, 2400, 120),
(702.6745870000013, 5978, 26572.0, 4300, 2400, 120),
(710.2499990000069, 5981, 48723.0, 4300, 2400, 123),
(710.3137339999957, 5982, 788854.75, 4300, 2400, 124),
(710.4478220000019, 5983, 899812.25, 4300, 2400, 125),
(717.9460980000003, 5984, 26574.0, 4300, 2400, 126),
(718.0043449999939, 5985, 26328.0, 4300, 2400, 127),
(718.0589539999928, 5986, 22683.0, 4300, 2400, 128),
(718.117305000007, 5987, 22664.0, 4300, 2400, 129),
(718.1764629999961, 5988, 26581.0, 4300, 2400, 130),
(718.326675999997, 5991, 889347.5, 4300, 2400, 133),
(718.4752009999938, 5992, 1010843.5, 4300, 2400, 134),
(718.4752009999938, 5992, 26912.0, 4300, 2400, 134),
(726.0587899999955, 5995, 22682.0, 4300, 2400, 137),
(726.1690539999981, 5997, 26578.0, 4300, 2400, 139),
(726.2359169999982, 5998, 22662.0, 4300, 2400, 140),
(726.2944569999963, 5999, 857153.75, 4300, 2400, 141),
(726.4420359999931, 6000, 1038575.0, 4300, 2400, 142),
(734.1435380000039, 6003, 22432.0, 4300, 2400, 145),
(734.2068290000025, 6004, 885647.5, 4300, 2400, 146),
(734.3546420000057, 6005, 997017.5, 4300, 2400, 147),
(734.3546420000057, 6005, 26975.0, 4300, 2400, 147),
(741.916631, 6007, 827898.75, 4300, 2400, 149),
(742.0578059999971, 6008, 945575.75, 4300, 2400, 150),
(742.0578059999971, 6008, 22745.0, 4300, 2400, 150),
(749.5833779999957, 6009, 26663.0, 4300, 2400, 151),
(749.6461940000008, 6010, 26640.0, 4300, 2400, 152),
(749.7145770000061, 6011, 313009.25, 4300, 2400, 113),
(749.7862500000047, 6012, 418249.5, 4300, 2400, 114),
(749.7862500000047, 6012, 22683.0, 4300, 2400, 114),
(757.3084609999933, 6013, 22664.0, 4300, 2400, 115),
(757.3691510000062, 6014, 52625.0, 4300, 2400, 116),
(757.4413429999986, 6015, 26580.0, 4300, 2400, 117),
(757.5009609999979, 6016, 26578.0, 4300, 2400, 118),
(757.5595319999993, 6017, 997466.75, 4300, 2400, 119),
(757.7206980000046, 6018, 1093662.75, 4300, 2400, 120),
(757.7206980000046, 6018, 26572.0, 4300, 2400, 120),
(765.2662759999948, 6020, 831815.5, 4300, 2400, 122),
(765.4070019999926, 6021, 938109.25, 4300, 2400, 123),
(765.4070019999926, 6021, 48705.0, 4300, 2400, 123),
(772.9148690000002, 6022, 811086.75, 4300, 2400, 124),
(773.0521779999981, 6023, 908673.5, 4300, 2400, 125),
(780.5358859999978, 6024, 26574.0, 4300, 2400, 126),
(780.6043939999945, 6025, 277371.5, 4300, 2400, 127),
(780.6707219999953, 6026, 422203.75, 4300, 2400, 128),
(780.6707219999953, 6026, 22683.0, 4300, 2400, 128),
(788.3738339999982, 6027, 22664.0, 4300, 2400, 129),
(788.4364760000026, 6028, 26581.0, 4300, 2400, 130),
(788.6199380000035, 6031, 797508.75, 4300, 2400, 133),
(788.7554430000018, 6032, 938161.0, 4300, 2400, 134),
(788.7554430000018, 6032, 26912.0, 4300, 2400, 134),
(796.5058229999995, 6035, 22664.0, 4300, 2400, 137),
(796.6254199999967, 6037, 26578.0, 4300, 2400, 139),
(796.6859169999952, 6038, 22680.0, 4300, 2400, 140),
(796.761971999993, 6039, 836955.5, 4300, 2400, 141),
(796.9284530000004, 6040, 1045370.0, 4300, 2400, 142),
(804.7291430000041, 6043, 22414.0, 4300, 2400, 145),
(804.816147000005, 6044, 973081.5, 4300, 2400, 146),
(804.9745079999993, 6045, 1096324.0, 4300, 2400, 147),
(804.9745079999993, 6045, 26975.0, 4300, 2400, 147),
(813.0610319999978, 6048, 22727.0, 4300, 2400, 150),
(813.117327999993, 6049, 26663.0, 4300, 2400, 151),
(813.1719520000042, 6050, 26640.0, 4300, 2400, 152),
(813.3145409999997, 6053, 26584.0, 4300, 2600, 114),
(813.3843090000009, 6054, 22683.0, 4300, 2600, 115),
(813.4597019999928, 6055, 26580.0, 4300, 2600, 116),
(813.5337909999944, 6056, 52624.0, 4300, 2600, 117),
(813.6091089999973, 6057, 26582.0, 4300, 2600, 118),
(813.6822189999948, 6058, 22679.0, 4300, 2600, 119),
(813.7557830000005, 6059, 26578.0, 4300, 2600, 120),
(813.9776279999933, 6063, 52619.0, 4300, 2600, 124),
(814.0481600000057, 6064, 52621.0, 4300, 2600, 125),
(814.1367699999973, 6065, 26574.0, 4300, 2600, 126),
(814.3231369999994, 6068, 22683.0, 4300, 2600, 129),
(814.3900560000038, 6069, 26580.0, 4300, 2600, 130),
(814.4643170000054, 6070, 22684.0, 4300, 2600, 131),
(814.5394419999939, 6071, 94358.0, 4300, 2600, 132),
(814.6055360000028, 6072, 22677.0, 4300, 2600, 133),
(814.680051000003, 6073, 26577.0, 4300, 2600, 134),
(814.9205229999934, 6077, 22411.0, 4300, 2600, 138),
(814.9844730000041, 6078, 26583.0, 4300, 2600, 139),
(815.0574579999957, 6079, 373.0, 4300, 2600, 140),
(816.3528059999953, 6080, 22724.0, 4300, 2600, 141),
(816.428436000002, 6081, 26909.0, 4300, 2600, 142),
(816.6380809999973, 6085, 26331.0, 4300, 2600, 146),
(816.7335690000036, 6086, 26330.0, 4300, 2600, 147),
(816.9682219999959, 6090, 22415.0, 4300, 2600, 151),
(817.064452999999, 6091, 24358.0, 4300, 2600, 152),
(817.1932749999978, 6093, 26584.0, 4300, 2600, 114),
(817.2542910000047, 6094, 22683.0, 4300, 2600, 115),
(817.3180220000067, 6095, 26580.0, 4300, 2600, 116),
(817.3804939999973, 6096, 52624.0, 4300, 2600, 117),
(817.4468930000003, 6097, 26582.0, 4300, 2600, 118),
(817.5182340000028, 6098, 22679.0, 4300, 2600, 119),
(817.5896009999997, 6099, 26578.0, 4300, 2600, 120),
(817.7927049999998, 6103, 22680.0, 4300, 2600, 124),
(817.857256999996, 6104, 52621.0, 4300, 2600, 125),
(817.9260499999946, 6105, 26574.0, 4300, 2600, 126),
(818.1068890000024, 6108, 22678.0, 4300, 2600, 129),
(818.187156, 6109, 26580.0, 4300, 2600, 130),
(818.2517099999968, 6110, 22684.0, 4300, 2600, 131),
(818.3169499999931, 6111, 94358.0, 4300, 2600, 132),
(818.3882129999984, 6112, 22677.0, 4300, 2600, 133),
(818.4711180000013, 6113, 26577.0, 4300, 2600, 134),
(818.684374000004, 6117, 22411.0, 4300, 2600, 138),
(818.7446679999994, 6118, 26583.0, 4300, 2600, 139),
(818.8011549999937, 6119, 373.0, 4300, 2600, 140),
(820.0537780000013, 6120, 26907.0, 4300, 2600, 141),
(820.1208840000036, 6121, 26909.0, 4300, 2600, 142),
(820.359890000007, 6125, 26331.0, 4300, 2600, 146),
(820.4216339999984, 6126, 26330.0, 4300, 2600, 147),
(820.6635600000009, 6131, 24358.0, 4300, 2600, 152),
(820.7886359999975, 6133, 26584.0, 4300, 2600, 114),
(820.8577150000056, 6134, 22683.0, 4300, 2600, 115),
(820.9270479999977, 6135, 26580.0, 4300, 2600, 116),
(820.9905759999965, 6136, 52624.0, 4300, 2600, 117),
(821.0607159999927, 6137, 26582.0, 4300, 2600, 118),
(821.1387950000062, 6138, 22679.0, 4300, 2600, 119),
(821.1995339999994, 6139, 26578.0, 4300, 2600, 120),
(821.4007319999946, 6143, 22680.0, 4300, 2600, 124),
(821.4807270000019, 6144, 52621.0, 4300, 2600, 125),
(821.5468519999995, 6145, 26574.0, 4300, 2600, 126),
(821.7198740000022, 6148, 22665.0, 4300, 2600, 129),
(821.789718999993, 6149, 26580.0, 4300, 2600, 130),
(821.859461, 6150, 22666.0, 4300, 2600, 131),
(821.9358899999934, 6151, 94358.0, 4300, 2600, 132),
(822.0269339999941, 6152, 22659.0, 4300, 2600, 133),
(822.0950710000034, 6153, 26577.0, 4300, 2600, 134),
(822.308051999993, 6157, 22429.0, 4300, 2600, 138),
(822.3634190000012, 6158, 26583.0, 4300, 2600, 139),
(822.4357080000045, 6159, 373.0, 4300, 2600, 140),
(823.7219369999948, 6160, 26907.0, 4300, 2600, 141),
(823.790359999999, 6161, 26909.0, 4300, 2600, 142),
(824.0366650000069, 6165, 26331.0, 4300, 2600, 146),
(824.107634999993, 6166, 26330.0, 4300, 2600, 147),
(824.3667790000036, 6170, 22433.0, 4300, 2600, 151),
(824.4318079999939, 6171, 24358.0, 4300, 2600, 152),
(824.6155699999945, 6174, 28843.0, 4300, 2800, 114),
(824.7413740000047, 6176, 48706.0, 4300, 2800, 116),
(824.9052970000048, 6179, 26575.0, 4300, 2800, 119),
(825.1701610000018, 6183, 28843.0, 4300, 2800, 123),
(825.2350710000028, 6184, 52618.0, 4300, 2800, 124),
(825.3145550000045, 6185, 52618.0, 4300, 2800, 125),
(825.4850690000021, 6188, 28843.0, 4300, 2800, 128),
(825.6101849999977, 6190, 22662.0, 4300, 2800, 130),
(825.7829280000005, 6193, 26574.0, 4300, 2800, 133),
(825.8547959999996, 6194, 26574.0, 4300, 2800, 134),
(826.0137709999981, 6197, 28841.0, 4300, 2800, 137),
(826.1887850000057, 6200, 28843.0, 4300, 2800, 140),
(826.2597130000067, 6201, 26906.0, 4300, 2800, 141),
(826.3310139999958, 6202, 26906.0, 4300, 2800, 142),
(826.501092999999, 6205, 28843.0, 4300, 2800, 145),
(826.5760719999962, 6206, 26327.0, 4300, 2800, 146),
(826.6393260000041, 6207, 26327.0, 4300, 2800, 147),
(826.7950319999945, 6210, 28842.0, 4300, 2800, 150),
(827.0178679999954, 6214, 28843.0, 4300, 2800, 114),
(827.1353130000061, 6216, 48724.0, 4300, 2800, 116),
(827.3129729999928, 6219, 26575.0, 4300, 2800, 119),
(827.3777339999942, 6220, 26575.0, 4300, 2800, 120),
(827.5593130000052, 6223, 28843.0, 4300, 2800, 123),
(827.62788, 6224, 52618.0, 4300, 2800, 124),
(827.7061660000036, 6225, 52618.0, 4300, 2800, 125),
(827.8780339999939, 6228, 28843.0, 4300, 2800, 128),
(827.9685480000044, 6230, 22680.0, 4300, 2800, 130),
(828.1318060000049, 6233, 26574.0, 4300, 2800, 133),
(828.196867000006, 6234, 26574.0, 4300, 2800, 134),
(828.3639240000048, 6237, 28841.0, 4300, 2800, 137),
(828.5471770000004, 6240, 28843.0, 4300, 2800, 140),
(828.6168319999997, 6241, 26906.0, 4300, 2800, 141),
(828.6860370000068, 6242, 26906.0, 4300, 2800, 142),
(828.8800570000021, 6245, 28843.0, 4300, 2800, 145),
(828.9560199999978, 6246, 26327.0, 4300, 2800, 146),
(829.0209480000049, 6247, 26327.0, 4300, 2800, 147),
(829.1851429999952, 6250, 28842.0, 4300, 2800, 150),
(829.388730000006, 6254, 28843.0, 4300, 2800, 114),
(829.5166679999966, 6256, 48706.0, 4300, 2800, 116),
(829.6969110000064, 6259, 26575.0, 4300, 2800, 119),
(829.7603780000063, 6260, 26575.0, 4300, 2800, 120),
(829.9198000000033, 6263, 28843.0, 4300, 2800, 123),
(829.9868739999947, 6264, 52618.0, 4300, 2800, 124),
(830.0688179999997, 6265, 52618.0, 4300, 2800, 125),
(830.2548600000009, 6268, 28843.0, 4300, 2800, 128),
(830.3667419999983, 6270, 22662.0, 4300, 2800, 130),
(830.5438149999973, 6273, 26574.0, 4300, 2800, 133),
(830.6182759999938, 6274, 26574.0, 4300, 2800, 134),
(830.8020839999954, 6277, 28841.0, 4300, 2800, 137),
(830.9812810000003, 6280, 28843.0, 4300, 2800, 140),
(831.0466849999939, 6281, 26906.0, 4300, 2800, 141),
(831.1208069999993, 6282, 26906.0, 4300, 2800, 142),
(831.2714069999929, 6285, 28843.0, 4300, 2800, 145),
(831.3400819999952, 6286, 26327.0, 4300, 2800, 146),
(831.4300019999937, 6287, 26327.0, 4300, 2800, 147),
(831.6396830000012, 6290, 28842.0, 4300, 2800, 150),
(831.9173619999929, 6296, 26575.0, 4300, 3000, 115),
(832.6248849999974, 6310, 26574.0, 4300, 3000, 129),
(833.8137469999929, 6336, 26575.0, 4300, 3000, 115),
(834.4743849999941, 6350, 26574.0, 4300, 3000, 129),
(835.7127420000033, 6376, 26575.0, 4300, 3000, 115),
(836.4118310000049, 6390, 26574.0, 4300, 3000, 129),
(843.2719709999947, 6537, 26584.0, 4300, 2100, 114),
(843.3374670000048, 6538, 22661.0, 4300, 2100, 115),
(843.4066909999965, 6539, 26582.0, 4300, 2100, 116),
(843.4715989999968, 6540, 52624.0, 4300, 2100, 117),
(843.5358120000019, 6541, 26582.0, 4300, 2100, 118),
(843.6037999999971, 6542, 22679.0, 4300, 2100, 119),
(843.6675220000034, 6543, 26578.0, 4300, 2100, 120),
(843.8311129999929, 6546, 52620.0, 4300, 2100, 123),
(843.9002800000017, 6547, 22662.0, 4300, 2100, 124),
(843.9848250000068, 6548, 52621.0, 4300, 2100, 125),
(844.0540360000014, 6549, 26574.0, 4300, 2100, 126),
(844.2015209999954, 6552, 22660.0, 4300, 2100, 129),
(844.2614190000022, 6553, 26582.0, 4300, 2100, 130),
(844.3224219999975, 6554, 22666.0, 4300, 2100, 131),
(844.3855279999989, 6555, 22684.0, 4300, 2100, 132),
(844.4621780000016, 6556, 22659.0, 4300, 2100, 133),
(844.5437620000012, 6557, 954797.75, 4300, 2100, 134),
(844.7005979999958, 6558, 1070659.0, 4300, 2100, 135),
(852.5816119999945, 6561, 22411.0, 4300, 2100, 138),
(852.7114540000039, 6563, 507.0, 4300, 2100, 140),
(853.9524559999991, 6564, 22724.0, 4300, 2100, 141),
(854.0209429999959, 6565, 883799.25, 4300, 2100, 142),
(854.1662800000049, 6566, 992389.25, 4300, 2100, 143),
(861.9735010000004, 6569, 22739.0, 4300, 2100, 146),
(862.0290079999977, 6570, 26330.0, 4300, 2100, 147),
(862.2340109999932, 6574, 22433.0, 4300, 2100, 151),
(862.3105510000023, 6575, 24358.0, 4300, 2100, 152),
(862.4193559999985, 6577, 26584.0, 4300, 2100, 114),
(862.4766879999952, 6578, 22679.0, 4300, 2100, 115),
(862.5404419999977, 6579, 26582.0, 4300, 2100, 116),
(862.5997599999973, 6580, 52624.0, 4300, 2100, 117),
(862.6703080000007, 6581, 26582.0, 4300, 2100, 118),
(862.7350770000048, 6582, 22661.0, 4300, 2100, 119),
(862.8039679999929, 6583, 26578.0, 4300, 2100, 120),
(862.963631999999, 6586, 52620.0, 4300, 2100, 123),
(863.029171999995, 6587, 22680.0, 4300, 2100, 124),
(863.0965120000037, 6588, 52621.0, 4300, 2100, 125),
(863.168319000004, 6589, 26574.0, 4300, 2100, 126),
(863.3367339999968, 6592, 22678.0, 4300, 2100, 129),
(863.4025589999947, 6593, 26582.0, 4300, 2100, 130),
(863.4794209999964, 6594, 22684.0, 4300, 2100, 131),
(863.5453730000008, 6595, 22666.0, 4300, 2100, 132),
(863.6089280000015, 6596, 22677.0, 4300, 2100, 133),
(863.6783149999974, 6597, 26577.0, 4300, 2100, 134),
(863.8795620000019, 6601, 22411.0, 4300, 2100, 138),
(863.9957799999975, 6603, 507.0, 4300, 2100, 140),
(865.2477019999933, 6604, 22742.0, 4300, 2100, 141),
(865.3136669999949, 6605, 859962.25, 4300, 2100, 142),
(865.4640199999994, 6606, 1001616.25, 4300, 2100, 143),
(873.1184800000046, 6609, 22739.0, 4300, 2100, 146),
(873.1804479999992, 6610, 26330.0, 4300, 2100, 147),
(873.4126959999994, 6614, 22433.0, 4300, 2100, 151),
(873.501722999994, 6615, 24358.0, 4300, 2100, 152),
(873.6202179999964, 6617, 26584.0, 4300, 2100, 114),
(873.7115150000027, 6618, 22679.0, 4300, 2100, 115),
(873.7816599999933, 6619, 26582.0, 4300, 2100, 116),
(873.8636079999997, 6620, 52624.0, 4300, 2100, 117),
(873.9357829999935, 6621, 26582.0, 4300, 2100, 118),
(873.9999010000029, 6622, 22661.0, 4300, 2100, 119),
(874.066519999993, 6623, 26578.0, 4300, 2100, 120),
(874.2237400000013, 6626, 52620.0, 4300, 2100, 123),
(874.3007130000042, 6627, 22680.0, 4300, 2100, 124),
(874.3703010000027, 6628, 899473.25, 4300, 2100, 125),
(874.5246190000034, 6629, 1068897.5, 4300, 2100, 126),
(874.5246190000034, 6629, 26574.0, 4300, 2100, 126),
(882.3575520000013, 6632, 22678.0, 4300, 2100, 129),
(882.4555729999993, 6633, 26580.0, 4300, 2100, 130),
(882.5287260000041, 6634, 22684.0, 4300, 2100, 131),
(882.6022620000003, 6635, 22666.0, 4300, 2100, 132),
(882.6772889999993, 6636, 22677.0, 4300, 2100, 133),
(882.735553999999, 6637, 26577.0, 4300, 2100, 134),
(882.9241429999965, 6641, 22411.0, 4300, 2100, 138),
(883.0547610000067, 6643, 507.0, 4300, 2100, 140),
(884.3577280000027, 6644, 22742.0, 4300, 2100, 141),
(884.4205890000012, 6645, 26909.0, 4300, 2100, 142),
(884.6786049999937, 6649, 22739.0, 4300, 2100, 146),
(884.7519679999969, 6650, 958651.0, 4300, 2100, 147),
(884.9186460000055, 6651, 1120342.25, 4300, 2100, 148),
(892.737347000002, 6654, 22433.0, 4300, 2100, 151),
(892.8076049999945, 6655, 24358.0, 4300, 2100, 152),
(898.7438269999984, 6778, 26575.0, 4300, 2300, 113),
(898.9754989999929, 6783, 50010.0, 4300, 2300, 118),
(899.2311259999988, 6788, 48705.0, 4300, 2300, 123),
(899.473886000007, 6792, 287864.5, 4300, 2300, 127),
(899.5506230000028, 6793, 409816.75, 4300, 2300, 128),
(899.5506230000028, 6793, 22683.0, 4300, 2300, 128),
(907.476072999998, 6799, 327330.75, 4300, 2300, 134),
(907.5487549999962, 6800, 518431.25, 4300, 2300, 135),
(915.1181219999999, 6802, 327889.5, 4300, 2300, 137),
(915.1968630000047, 6803, 438342.25, 4300, 2300, 138),
(922.8275730000023, 6805, 22680.0, 4300, 2300, 140),
(923.0717609999992, 6810, 22432.0, 4300, 2300, 145),
(923.5558179999935, 6820, 22664.0, 4300, 2300, 115),
(923.6187280000013, 6821, 26576.0, 4300, 2300, 116),
(924.0946010000043, 6831, 26574.0, 4300, 2300, 126),
(924.1615100000054, 6832, 70964.0, 4300, 2300, 127),
(924.2370599999995, 6833, 22683.0, 4300, 2300, 128),
(924.2901909999928, 6834, 22664.0, 4300, 2300, 129),
(924.6685929999949, 6842, 22682.0, 4300, 2300, 137),
(925.2087270000047, 6854, 47529.0, 4300, 2300, 149),
(925.4640470000013, 6859, 22665.0, 4300, 2300, 114),
(926.0867940000026, 6872, 304085.75, 4300, 2300, 127),
(926.1567030000006, 6873, 408868.75, 4300, 2300, 128),
(933.7661110000045, 6874, 22682.0, 4300, 2300, 129),
(934.1287909999955, 6882, 22664.0, 4300, 2300, 137),
(934.5288469999941, 6890, 22432.0, 4300, 2300, 145),
(934.7960040000034, 6895, 22745.0, 4300, 2300, 150),
(934.9986329999956, 6899, 52372.0, 4300, 2400, 113),
(935.0673919999972, 6900, 22665.0, 4300, 2400, 114),
(935.1413020000036, 6901, 22682.0, 4300, 2400, 115),
(935.2068690000015, 6902, 52625.0, 4300, 2400, 116),
(935.2678020000021, 6903, 26580.0, 4300, 2400, 117),
(935.3382770000026, 6904, 26578.0, 4300, 2400, 118),
(935.4072849999939, 6905, 922480.0, 4300, 2400, 119),
(935.5598969999992, 6906, 1052252.0, 4300, 2400, 120),
(935.5598969999992, 6906, 26572.0, 4300, 2400, 120),
(943.2404550000065, 6909, 48723.0, 4300, 2400, 123),
(943.3141570000007, 6910, 805201.5, 4300, 2400, 124),
(943.475283000007, 6911, 919820.75, 4300, 2400, 125),
(950.998185000004, 6912, 26574.0, 4300, 2400, 126),
(951.0618490000052, 6913, 26328.0, 4300, 2400, 127),
(951.1322530000034, 6914, 22683.0, 4300, 2400, 128),
(951.2063800000033, 6915, 22664.0, 4300, 2400, 129),
(951.2720850000042, 6916, 26581.0, 4300, 2400, 130),
(951.4305259999965, 6919, 936855.0, 4300, 2400, 133),
(951.5904270000028, 6920, 1128335.0, 4300, 2400, 134),
(951.5904270000028, 6920, 26912.0, 4300, 2400, 134),
(959.312076000002, 6923, 22682.0, 4300, 2400, 137),
(959.4291110000049, 6925, 26578.0, 4300, 2400, 139),
(959.4876490000024, 6926, 22662.0, 4300, 2400, 140),
(959.5521399999998, 6927, 841699.25, 4300, 2400, 141),
(959.6946849999949, 6928, 956524.0, 4300, 2400, 142),
(967.330415000004, 6931, 22432.0, 4300, 2400, 145),
(967.4019289999997, 6932, 850842.75, 4300, 2400, 146),
(967.5484129999968, 6933, 981105.5, 4300, 2400, 147),
(967.5484129999968, 6933, 26975.0, 4300, 2400, 147),
(975.1727959999989, 6935, 883504.75, 4300, 2400, 149),
(975.3236179999949, 6936, 979530.0, 4300, 2400, 150),
(975.3236179999949, 6936, 22745.0, 4300, 2400, 150),
(982.9236830000009, 6937, 26663.0, 4300, 2400, 151),
(982.9859520000027, 6938, 26640.0, 4300, 2400, 152),
(983.044492999994, 6939, 52372.0, 4300, 2400, 113),
(983.1059589999932, 6940, 22683.0, 4300, 2400, 114),
(983.1694049999933, 6941, 22664.0, 4300, 2400, 115),
(983.2273310000019, 6942, 52625.0, 4300, 2400, 116),
(983.2900410000002, 6943, 26580.0, 4300, 2400, 117),
(983.3535759999941, 6944, 26578.0, 4300, 2400, 118),
(983.414254000003, 6945, 893564.0, 4300, 2400, 119),
(983.5614329999953, 6946, 1015595.75, 4300, 2400, 120),
(983.5614329999953, 6946, 26572.0, 4300, 2400, 120),
(991.2641639999929, 6949, 48723.0, 4300, 2400, 123),
(991.338493999996, 6950, 837797.0, 4300, 2400, 124),
(991.4821950000041, 6951, 943996.5, 4300, 2400, 125),
(999.0098799999978, 6952, 26574.0, 4300, 2400, 126),
(999.0849230000022, 6953, 26328.0, 4300, 2400, 127),
(999.157812999998, 6954, 22683.0, 4300, 2400, 128),
(999.2166969999962, 6955, 22664.0, 4300, 2400, 129),
(999.288367000001, 6956, 26581.0, 4300, 2400, 130),
(999.4406589999999, 6959, 848134.5, 4300, 2400, 133),
(999.5896380000049, 6960, 953151.25, 4300, 2400, 134),
(999.5896380000049, 6960, 26912.0, 4300, 2400, 134),
(1007.2917989999987, 6963, 22682.0, 4300, 2400, 137),
(1007.4182520000031, 6965, 26578.0, 4300, 2400, 139),
(1007.48891, 6966, 22662.0, 4300, 2400, 140),
(1007.5473190000048, 6967, 983338.0, 4300, 2400, 141),
(1007.7084460000042, 6968, 1189778.25, 4300, 2400, 142),
(1015.4385820000025, 6971, 22432.0, 4300, 2400, 145),
(1015.509693999993, 6972, 941127.5, 4300, 2400, 146),
(1015.6679310000036, 6973, 1097386.5, 4300, 2400, 147),
(1015.6679310000036, 6973, 26975.0, 4300, 2400, 147),
(1023.4003030000022, 6975, 892173.5, 4300, 2400, 149),
(1023.5564840000006, 6976, 1038712.25, 4300, 2400, 150),
(1023.5564840000006, 6976, 22745.0, 4300, 2400, 150),
(1031.1514389999938, 6977, 26663.0, 4300, 2400, 151),
(1031.2160310000036, 6978, 26640.0, 4300, 2400, 152),
(1031.2756660000014, 6979, 314296.75, 4300, 2400, 113),
(1031.3484829999943, 6980, 452154.25, 4300, 2400, 114),
(1031.3484829999943, 6980, 22683.0, 4300, 2400, 114),
(1038.952661000003, 6981, 22664.0, 4300, 2400, 115),
(1039.0223790000018, 6982, 52625.0, 4300, 2400, 116),
(1039.0910009999934, 6983, 26580.0, 4300, 2400, 117),
(1039.1517710000044, 6984, 26578.0, 4300, 2400, 118),
(1039.226767, 6985, 903118.0, 4300, 2400, 119),
(1039.3879699999961, 6986, 1023696.25, 4300, 2400, 120),
(1039.3879699999961, 6986, 26572.0, 4300, 2400, 120),
(1047.1253730000026, 6989, 48723.0, 4300, 2400, 123),
(1047.1968800000031, 6990, 883806.5, 4300, 2400, 124),
(1047.347913000005, 6991, 1015691.75, 4300, 2400, 125),
(1054.9134679999988, 6992, 26574.0, 4300, 2400, 126),
(1054.984568999993, 6993, 295691.0, 4300, 2400, 127),
(1055.0559199999989, 6994, 406123.75, 4300, 2400, 128),
(1055.0559199999989, 6994, 22683.0, 4300, 2400, 128),
(1062.657926999993, 6995, 22664.0, 4300, 2400, 129),
(1062.722167, 6996, 26581.0, 4300, 2400, 130),
(1062.8733349999966, 6999, 852883.25, 4300, 2400, 133),
(1063.0268559999968, 7000, 965095.5, 4300, 2400, 134),
(1063.0268559999968, 7000, 26912.0, 4300, 2400, 134),
(1070.652556999994, 7003, 22682.0, 4300, 2400, 137),
(1070.7604529999953, 7005, 26578.0, 4300, 2400, 139),
(1070.828232999993, 7006, 22662.0, 4300, 2400, 140),
(1070.8956329999928, 7007, 841480.0, 4300, 2400, 141),
(1071.0412150000047, 7008, 959338.5, 4300, 2400, 142),
(1078.6653229999938, 7011, 22432.0, 4300, 2400, 145),
(1078.727887999994, 7012, 860773.0, 4300, 2400, 146),
(1078.871079000004, 7013, 979512.5, 4300, 2400, 147),
(1078.871079000004, 7013, 26975.0, 4300, 2400, 147),
(1086.5041499999934, 7015, 849041.0, 4300, 2400, 149),
(1086.646578999993, 7016, 957441.25, 4300, 2400, 150),
(1086.646578999993, 7016, 22745.0, 4300, 2400, 150),
(1094.1947199999995, 7017, 26663.0, 4300, 2400, 151),
(1094.2559630000032, 7018, 26640.0, 4300, 2400, 152),
(1099.8945609999937, 7142, 26584.0, 4300, 2600, 114),
(1099.9689809999982, 7143, 22665.0, 4300, 2600, 115),
(1100.0285989999975, 7144, 26580.0, 4300, 2600, 116),
(1100.0979660000012, 7145, 52624.0, 4300, 2600, 117),
(1100.1601229999942, 7146, 26582.0, 4300, 2600, 118),
(1100.2264480000013, 7147, 22661.0, 4300, 2600, 119),
(1100.2970910000004, 7148, 26578.0, 4300, 2600, 120),
(1100.5026320000034, 7152, 52619.0, 4300, 2600, 124),
(1100.5614679999999, 7153, 52621.0, 4300, 2600, 125),
(1100.6199849999975, 7154, 26574.0, 4300, 2600, 126),
(1100.7570229999983, 7157, 22678.0, 4300, 2600, 129),
(1100.813261000003, 7158, 26580.0, 4300, 2600, 130),
(1100.8724809999985, 7159, 22684.0, 4300, 2600, 131),
(1100.9301050000067, 7160, 94358.0, 4300, 2600, 132),
(1100.9878279999975, 7161, 22677.0, 4300, 2600, 133),
(1101.045161999995, 7162, 26577.0, 4300, 2600, 134),
(1101.257819999999, 7166, 22411.0, 4300, 2600, 138),
(1101.326316999999, 7167, 26583.0, 4300, 2600, 139),
(1101.3860200000054, 7168, 373.0, 4300, 2600, 140),
(1102.595988999994, 7169, 22724.0, 4300, 2600, 141),
(1102.6569630000013, 7170, 26909.0, 4300, 2600, 142),
(1102.8476130000054, 7174, 26331.0, 4300, 2600, 146),
(1102.922476000007, 7175, 26330.0, 4300, 2600, 147),
(1103.104342000006, 7179, 22415.0, 4300, 2600, 151),
(1103.1800130000047, 7180, 24358.0, 4300, 2600, 152),
(1103.2891819999932, 7182, 26584.0, 4300, 2600, 114),
(1103.348371999993, 7183, 22683.0, 4300, 2600, 115),
(1103.4157209999976, 7184, 26580.0, 4300, 2600, 116),
(1103.4775769999978, 7185, 52624.0, 4300, 2600, 117),
(1103.544185000006, 7186, 26582.0, 4300, 2600, 118),
(1103.6083070000022, 7187, 22679.0, 4300, 2600, 119),
(1103.670981000003, 7188, 26578.0, 4300, 2600, 120),
(1103.8714290000062, 7192, 52619.0, 4300, 2600, 124),
(1103.9356070000067, 7193, 52621.0, 4300, 2600, 125),
(1103.9936020000023, 7194, 26574.0, 4300, 2600, 126),
(1104.176523000002, 7197, 22683.0, 4300, 2600, 129),
(1104.237718999997, 7198, 26580.0, 4300, 2600, 130),
(1104.2953410000046, 7199, 22684.0, 4300, 2600, 131),
(1104.3625299999985, 7200, 94358.0, 4300, 2600, 132),
(1104.431270999994, 7201, 22677.0, 4300, 2600, 133),
(1104.507964000004, 7202, 26577.0, 4300, 2600, 134),
(1104.698074, 7206, 22411.0, 4300, 2600, 138),
(1104.7598779999971, 7207, 26583.0, 4300, 2600, 139),
(1104.8201870000048, 7208, 373.0, 4300, 2600, 140),
(1106.0853840000054, 7209, 26907.0, 4300, 2600, 141),
(1106.1508489999978, 7210, 26909.0, 4300, 2600, 142),
(1106.4008190000022, 7214, 26331.0, 4300, 2600, 146),
(1106.4790260000009, 7215, 26330.0, 4300, 2600, 147),
(1106.6848980000068, 7219, 22415.0, 4300, 2600, 151),
(1106.7543549999973, 7220, 24358.0, 4300, 2600, 152),
(1106.8765929999936, 7222, 26584.0, 4300, 2600, 114),
(1106.936572999999, 7223, 22683.0, 4300, 2600, 115),
(1107.0084599999973, 7224, 26580.0, 4300, 2600, 116),
(1107.0690360000008, 7225, 52624.0, 4300, 2600, 117),
(1107.1273099999962, 7226, 26582.0, 4300, 2600, 118),
(1107.2124199999962, 7227, 22679.0, 4300, 2600, 119),
(1107.288235, 7228, 26578.0, 4300, 2600, 120),
(1107.4734679999965, 7232, 22680.0, 4300, 2600, 124),
(1107.5383520000032, 7233, 52621.0, 4300, 2600, 125),
(1107.616903000002, 7234, 26574.0, 4300, 2600, 126),
(1107.7884300000005, 7237, 22665.0, 4300, 2600, 129),
(1107.8517229999998, 7238, 26580.0, 4300, 2600, 130),
(1107.9154430000053, 7239, 22666.0, 4300, 2600, 131),
(1107.9724730000016, 7240, 94358.0, 4300, 2600, 132),
(1108.038950000002, 7241, 22659.0, 4300, 2600, 133),
(1108.0954860000056, 7242, 26577.0, 4300, 2600, 134),
(1108.2868409999937, 7246, 22429.0, 4300, 2600, 138),
(1108.3515009999974, 7247, 26583.0, 4300, 2600, 139),
(1108.4299120000069, 7248, 373.0, 4300, 2600, 140),
(1109.671887000004, 7249, 26907.0, 4300, 2600, 141),
(1109.7366389999952, 7250, 26909.0, 4300, 2600, 142),
(1109.9285490000038, 7254, 26331.0, 4300, 2600, 146),
(1109.993048999997, 7255, 26330.0, 4300, 2600, 147),
(1110.1753679999965, 7259, 22433.0, 4300, 2600, 151),
(1110.2337980000011, 7260, 24358.0, 4300, 2600, 152),
(1110.3734390000027, 7263, 829562.25, 4300, 2700, 114),
(1110.513061000005, 7264, 940604.25, 4300, 2700, 115),
(1110.513061000005, 7264, 22659.0, 4300, 2700, 115),
(1118.0241139999998, 7265, 48706.0, 4300, 2700, 116),
(1118.0867239999934, 7266, 52625.0, 4300, 2700, 117),
(1118.1620129999937, 7267, 22662.0, 4300, 2700, 118),
(1118.2223240000021, 7268, 26575.0, 4300, 2700, 119),
(1118.4155239999964, 7272, 838707.5, 4300, 2700, 123),
(1118.5627410000016, 7273, 969659.0, 4300, 2700, 124),
(1118.5627410000016, 7273, 52618.0, 4300, 2700, 124),
(1126.1494019999955, 7275, 26574.0, 4300, 2700, 126),
(1126.2558540000027, 7277, 825404.0, 4300, 2700, 128),
(1126.3957870000013, 7278, 945485.25, 4300, 2700, 129),
(1126.3957870000013, 7278, 22658.0, 4300, 2700, 129),
(1133.9251360000053, 7279, 22680.0, 4300, 2700, 130),
(1133.9854190000042, 7280, 22664.0, 4300, 2700, 131),
(1134.0526779999927, 7281, 22661.0, 4300, 2700, 132),
(1134.1202579999954, 7282, 26574.0, 4300, 2700, 133),
(1134.3389089999982, 7286, 935465.0, 4300, 2700, 137),
(1134.495305000004, 7287, 1058750.25, 4300, 2700, 138),
(1134.495305000004, 7287, 22429.0, 4300, 2700, 138),
(1142.1365369999985, 7289, 896187.75, 4300, 2700, 140),
(1142.286506000004, 7290, 1046845.75, 4300, 2700, 141),
(1142.286506000004, 7290, 26906.0, 4300, 2700, 141),
(1150.0699350000068, 7294, 815682.5, 4300, 2700, 145),
(1150.211685000002, 7295, 913444.5, 4300, 2700, 146),
(1150.211685000002, 7295, 26327.0, 4300, 2700, 146),
(1157.9251229999936, 7299, 824869.0, 4300, 2700, 150),
(1158.0652509999927, 7300, 982523.5, 4300, 2700, 151),
(1158.0652509999927, 7300, 22411.0, 4300, 2700, 151),
(1165.7306749999989, 7303, 818353.75, 4300, 2700, 114),
(1165.8687510000018, 7304, 948312.0, 4300, 2700, 115),
(1165.8687510000018, 7304, 22659.0, 4300, 2700, 115),
(1173.3786280000058, 7305, 48706.0, 4300, 2700, 116),
(1173.4363759999978, 7306, 52625.0, 4300, 2700, 117),
(1173.5053550000011, 7307, 22662.0, 4300, 2700, 118),
(1173.5890289999952, 7308, 26575.0, 4300, 2700, 119),
(1173.7791529999959, 7312, 838781.25, 4300, 2700, 123),
(1173.9226499999932, 7313, 963883.25, 4300, 2700, 124),
(1173.9226499999932, 7313, 52618.0, 4300, 2700, 124),
(1181.5558630000014, 7315, 26574.0, 4300, 2700, 126),
(1181.6599069999938, 7317, 924712.75, 4300, 2700, 128),
(1181.8117309999943, 7318, 1046715.0, 4300, 2700, 129),
(1181.8117309999943, 7318, 22658.0, 4300, 2700, 129),
(1189.3944429999974, 7319, 22680.0, 4300, 2700, 130),
(1189.4504299999971, 7320, 22664.0, 4300, 2700, 131),
(1189.5104520000023, 7321, 22661.0, 4300, 2700, 132),
(1189.5760659999942, 7322, 26574.0, 4300, 2700, 133),
(1189.7545589999936, 7326, 873974.75, 4300, 2700, 137),
(1189.9093609999982, 7327, 990592.75, 4300, 2700, 138),
(1189.9093609999982, 7327, 22429.0, 4300, 2700, 138),
(1197.4793599999975, 7329, 909582.75, 4300, 2700, 140),
(1197.6386000000057, 7330, 1065268.5, 4300, 2700, 141),
(1197.6386000000057, 7330, 26906.0, 4300, 2700, 141),
(1205.3552679999993, 7334, 920671.25, 4300, 2700, 145),
(1205.5085059999983, 7335, 1020954.75, 4300, 2700, 146),
(1205.5085059999983, 7335, 26327.0, 4300, 2700, 146),
(1213.1680579999957, 7339, 847885.75, 4300, 2700, 150),
(1213.312705999997, 7340, 964074.75, 4300, 2700, 151),
(1213.312705999997, 7340, 22417.0, 4300, 2700, 151),
(1220.999846000006, 7343, 827013.75, 4300, 2700, 114),
(1221.1424140000017, 7344, 939041.75, 4300, 2700, 115),
(1221.1424140000017, 7344, 22659.0, 4300, 2700, 115),
(1228.6593830000056, 7345, 48706.0, 4300, 2700, 116),
(1228.720318000007, 7346, 52625.0, 4300, 2700, 117),
(1228.787181000007, 7347, 22662.0, 4300, 2700, 118),
(1228.8644360000035, 7348, 26575.0, 4300, 2700, 119),
(1229.0648910000018, 7352, 927198.5, 4300, 2700, 123),
(1229.2225409999955, 7353, 1071565.25, 4300, 2700, 124),
(1229.2225409999955, 7353, 52618.0, 4300, 2700, 124),
(1236.8902559999988, 7355, 26574.0, 4300, 2700, 126),
(1236.9947939999984, 7357, 944594.0, 4300, 2700, 128),
(1237.1483980000048, 7358, 1080004.75, 4300, 2700, 129),
(1237.1483980000048, 7358, 22658.0, 4300, 2700, 129),
(1244.7075659999973, 7359, 22680.0, 4300, 2700, 130),
(1244.768345999997, 7360, 22664.0, 4300, 2700, 131),
(1244.8306359999988, 7361, 22661.0, 4300, 2700, 132),
(1244.8852979999938, 7362, 26574.0, 4300, 2700, 133),
(1245.0818839999993, 7366, 916020.5, 4300, 2700, 137),
(1245.231037999998, 7367, 1011745.75, 4300, 2700, 138),
(1245.231037999998, 7367, 22429.0, 4300, 2700, 138),
(1252.8520419999986, 7369, 1028086.5, 4300, 2700, 140),
(1253.023046000002, 7370, 1225652.75, 4300, 2700, 141),
(1253.023046000002, 7370, 26906.0, 4300, 2700, 141),
(1260.862036999999, 7374, 880250.0, 4300, 2700, 145),
(1261.0199439999997, 7375, 1008477.75, 4300, 2700, 146),
(1261.0199439999997, 7375, 26327.0, 4300, 2700, 146),
(1268.7388829999982, 7379, 869264.75, 4300, 2700, 150),
(1268.8883210000058, 7380, 970328.5, 4300, 2700, 151),
(1268.8883210000058, 7380, 22429.0, 4300, 2700, 151),
(1276.5835959999968, 7384, 28843.0, 4300, 2800, 114),
(1276.7060990000027, 7386, 48724.0, 4300, 2800, 116),
(1276.762545000005, 7387, 26575.0, 4300, 2800, 117),
(1276.8783819999953, 7389, 26575.0, 4300, 2800, 119),
(1277.0715000000055, 7393, 28843.0, 4300, 2800, 123),
(1277.1259089999949, 7394, 52618.0, 4300, 2800, 124),
(1277.1955080000043, 7395, 52618.0, 4300, 2800, 125),
(1277.361334000001, 7398, 28843.0, 4300, 2800, 128),
(1277.4618710000068, 7400, 22680.0, 4300, 2800, 130),
(1277.5300779999961, 7401, 26574.0, 4300, 2800, 131),
(1277.6483080000035, 7403, 26574.0, 4300, 2800, 133),
(1277.720589000004, 7404, 26574.0, 4300, 2800, 134),
(1277.8897909999941, 7407, 28841.0, 4300, 2800, 137),
(1278.0468450000044, 7410, 28843.0, 4300, 2800, 140),
(1278.1077409999998, 7411, 26906.0, 4300, 2800, 141),
(1278.1620850000036, 7412, 26906.0, 4300, 2800, 142),
(1278.2948690000048, 7415, 28843.0, 4300, 2800, 145),
(1278.3521570000012, 7416, 26327.0, 4300, 2800, 146),
(1278.412976000007, 7417, 26327.0, 4300, 2800, 147),
(1278.5791190000018, 7420, 28842.0, 4300, 2800, 150),
(1278.7620319999987, 7424, 28843.0, 4300, 2800, 114),
(1278.8898780000018, 7426, 48706.0, 4300, 2800, 116),
(1278.9627829999954, 7427, 26575.0, 4300, 2800, 117),
(1279.0693579999934, 7429, 26575.0, 4300, 2800, 119),
(1279.2718049999967, 7433, 28843.0, 4300, 2800, 123),
(1279.339301999993, 7434, 52618.0, 4300, 2800, 124),
(1279.3954079999967, 7435, 52618.0, 4300, 2800, 125),
(1279.541035999995, 7438, 28843.0, 4300, 2800, 128),
(1279.6421580000024, 7440, 22662.0, 4300, 2800, 130),
(1279.7027640000015, 7441, 26574.0, 4300, 2800, 131),
(1279.8023870000034, 7443, 26574.0, 4300, 2800, 133),
(1279.8716879999993, 7444, 26574.0, 4300, 2800, 134),
(1280.0062369999941, 7447, 28841.0, 4300, 2800, 137),
(1280.1449259999936, 7450, 28843.0, 4300, 2800, 140),
(1280.2228179999947, 7451, 26906.0, 4300, 2800, 141),
(1280.289155999999, 7452, 26906.0, 4300, 2800, 142),
(1280.440956999999, 7455, 28843.0, 4300, 2800, 145),
(1280.5130440000066, 7456, 26327.0, 4300, 2800, 146),
(1280.5921379999927, 7457, 26327.0, 4300, 2800, 147),
(1280.7384310000052, 7460, 28842.0, 4300, 2800, 150),
(1280.9249689999997, 7464, 28843.0, 4300, 2800, 114),
(1281.0359409999946, 7466, 48724.0, 4300, 2800, 116),
(1281.1011169999983, 7467, 26575.0, 4300, 2800, 117),
(1281.202118000001, 7469, 26575.0, 4300, 2800, 119),
(1281.2593579999957, 7470, 26575.0, 4300, 2800, 120),
(1281.420696000001, 7473, 28843.0, 4300, 2800, 123),
(1281.489419000005, 7474, 52618.0, 4300, 2800, 124),
(1281.5624779999926, 7475, 52618.0, 4300, 2800, 125),
(1281.7195669999928, 7478, 28843.0, 4300, 2800, 128),
(1281.8374710000062, 7480, 22680.0, 4300, 2800, 130),
(1281.9122910000006, 7481, 26574.0, 4300, 2800, 131),
(1282.0202830000053, 7483, 26574.0, 4300, 2800, 133),
(1282.084772999995, 7484, 26574.0, 4300, 2800, 134),
(1282.2457830000058, 7487, 28841.0, 4300, 2800, 137),
(1282.4194270000007, 7490, 28843.0, 4300, 2800, 140),
(1282.4807440000004, 7491, 26906.0, 4300, 2800, 141),
(1282.5472770000051, 7492, 26906.0, 4300, 2800, 142),
(1282.700966000004, 7495, 28843.0, 4300, 2800, 145),
(1282.7911040000035, 7497, 26327.0, 4300, 2800, 147),
(1282.936962000007, 7500, 28842.0, 4300, 2800, 150),
(1283.1998449999955, 7506, 26575.0, 4300, 2900, 115),
(1283.3033469999937, 7508, 26575.0, 4300, 2900, 117),
(1283.6005830000067, 7514, 22662.0, 4300, 2900, 123),
(1283.715062999996, 7516, 26574.0, 4300, 2900, 125),
(1283.9262980000058, 7520, 26574.0, 4300, 2900, 129),
(1284.0359069999977, 7522, 26574.0, 4300, 2900, 131),
(1284.893465000001, 7541, 23717.0, 4300, 2900, 150),
(1285.1212180000002, 7546, 26575.0, 4300, 2900, 115),
(1285.2286690000037, 7548, 26575.0, 4300, 2900, 117),
(1285.4783380000008, 7554, 22662.0, 4300, 2900, 123),
(1285.5792490000022, 7556, 26574.0, 4300, 2900, 125),
(1285.757924999998, 7560, 26574.0, 4300, 2900, 129),
(1285.8539610000007, 7562, 26574.0, 4300, 2900, 131),
(1286.7430190000014, 7581, 23717.0, 4300, 2900, 150),
(1286.9910970000055, 7586, 26575.0, 4300, 2900, 115),
(1287.0873719999945, 7588, 26575.0, 4300, 2900, 117),
(1287.3373259999935, 7594, 22662.0, 4300, 2900, 123),
(1287.4625879999949, 7596, 26574.0, 4300, 2900, 125),
(1287.688850000006, 7600, 26574.0, 4300, 2900, 129),
(1287.7969589999993, 7602, 26574.0, 4300, 2900, 131),
(1288.6122009999963, 7621, 23717.0, 4300, 2900, 150),
(1288.8664870000066, 7627, 26575.0, 4300, 3000, 115),
(1289.4771509999991, 7641, 26574.0, 4300, 3000, 129),
(1290.606012999997, 7667, 26575.0, 4300, 3000, 115),
(1291.226880000002, 7681, 26574.0, 4300, 3000, 129),
(1292.3287129999953, 7707, 26575.0, 4300, 3000, 115),
(1292.9664749999938, 7721, 26574.0, 4300, 3000, 129),
(1369.122470000002, 9442, 26575.0, 3700, 2300, 115),
(1369.1897770000069, 9443, 26575.0, 3700, 2300, 116),
(1369.502078000005, 9450, 26574.0, 3700, 2300, 123),
(1369.770267999993, 9456, 26574.0, 3700, 2300, 129),
(1370.3952439999994, 9470, 24046.0, 3700, 2300, 143),
(1370.924371000001, 9482, 26575.0, 3700, 2300, 115),
(1371.0280970000022, 9484, 26575.0, 3700, 2300, 117),
(1371.5800469999958, 9496, 26574.0, 3700, 2300, 129),
(1373.1012150000024, 9530, 22680.0, 3700, 2300, 123),
(1373.1986659999966, 9532, 26574.0, 3700, 2300, 125),
(1373.386977000002, 9536, 26574.0, 3700, 2300, 129),
(1428.7744070000044, 10773, 26575.0, 3900, 2400, 115),
(1428.899940999996, 10775, 26575.0, 3900, 2400, 117),
(1429.1909449999948, 10781, 26574.0, 3900, 2400, 123),
(1429.3032799999928, 10783, 26574.0, 3900, 2400, 125),
(1429.5208859999984, 10787, 26574.0, 3900, 2400, 129),
(1429.651085000005, 10789, 26574.0, 3900, 2400, 131),
(1429.7599950000003, 10791, 26575.0, 3900, 2400, 133),
(1430.140551000004, 10799, 22724.0, 3900, 2400, 141),
(1430.6258559999987, 10809, 23717.0, 3900, 2400, 151),
(1430.8278480000008, 10813, 26575.0, 3900, 2400, 115),
(1430.9530349999986, 10815, 26575.0, 3900, 2400, 117),
(1431.2510230000044, 10821, 26574.0, 3900, 2400, 123),
(1431.367677000002, 10823, 26574.0, 3900, 2400, 125),
(1431.578641, 10827, 26574.0, 3900, 2400, 129),
(1431.7005239999999, 10829, 26574.0, 3900, 2400, 131),
(1431.8025449999986, 10831, 26575.0, 3900, 2400, 133),
(1432.2110300000058, 10839, 22724.0, 3900, 2400, 141),
(1432.8015319999977, 10853, 26575.0, 3900, 2400, 115),
(1432.901933000001, 10855, 26575.0, 3900, 2400, 117),
(1433.220782000004, 10861, 26574.0, 3900, 2400, 123),
(1433.331634000002, 10863, 26574.0, 3900, 2400, 125),
(1433.5393659999972, 10867, 26574.0, 3900, 2400, 129),
(1433.6662789999973, 10869, 26574.0, 3900, 2400, 131),
(1433.790347000002, 10871, 26575.0, 3900, 2400, 133),
(1434.1602330000023, 10879, 22724.0, 3900, 2400, 141),
(1434.6207649999997, 10889, 23717.0, 3900, 2400, 151),
(1434.8921569999948, 10894, 26575.0, 3900, 2800, 115),
(1435.0075999999972, 10896, 26575.0, 3900, 2800, 117),
(1435.3000239999965, 10902, 26574.0, 3900, 2800, 123),
(1435.4180259999994, 10904, 26574.0, 3900, 2800, 125),
(1435.613486999995, 10908, 26574.0, 3900, 2800, 129),
(1435.7235570000048, 10910, 26574.0, 3900, 2800, 131),
(1435.8409819999943, 10912, 26575.0, 3900, 2800, 133),
(1436.257110999999, 10920, 22724.0, 3900, 2800, 141),
(1436.7526590000052, 10930, 26326.0, 3900, 2800, 151),
(1436.9512530000065, 10934, 26575.0, 3900, 2800, 115),
(1437.059727999993, 10936, 26575.0, 3900, 2800, 117),
(1437.349442000006, 10942, 26574.0, 3900, 2800, 123),
(1437.458626000007, 10944, 26574.0, 3900, 2800, 125),
(1437.6730510000052, 10948, 26574.0, 3900, 2800, 129),
(1437.7860539999965, 10950, 26574.0, 3900, 2800, 131),
(1437.9056500000006, 10952, 26575.0, 3900, 2800, 133),
(1438.306706000003, 10960, 22742.0, 3900, 2800, 141),
(1438.8187400000024, 10970, 23717.0, 3900, 2800, 151),
(1439.0290309999982, 10974, 26575.0, 3900, 2800, 115),
(1439.1395239999983, 10976, 26575.0, 3900, 2800, 117),
(1439.4276709999976, 10982, 26574.0, 3900, 2800, 123),
(1439.542312999998, 10984, 26574.0, 3900, 2800, 125),
(1439.7251680000045, 10988, 26574.0, 3900, 2800, 129),
(1439.837268000003, 10990, 26574.0, 3900, 2800, 131),
(1439.9524660000025, 10992, 26575.0, 3900, 2800, 133),
(1440.3513050000038, 11000, 22742.0, 3900, 2800, 141),
(1440.8597790000058, 11010, 23717.0, 3900, 2800, 151),
(1452.4086580000003, 11257, 26575.0, 3900, 2400, 115),
(1452.5088950000063, 11259, 26575.0, 3900, 2400, 117),
(1452.8004550000041, 11265, 26574.0, 3900, 2400, 123),
(1452.9089039999963, 11267, 26574.0, 3900, 2400, 125),
(1453.089473, 11271, 26574.0, 3900, 2400, 129),
(1453.186984999993, 11273, 26574.0, 3900, 2400, 131),
(1453.2899389999948, 11275, 26575.0, 3900, 2400, 133),
(1453.6835879999999, 11283, 22742.0, 3900, 2400, 141),
(1454.2003149999946, 11293, 23717.0, 3900, 2400, 151),
(1454.4107550000044, 11297, 26575.0, 3900, 2400, 115),
(1454.530077000003, 11299, 26575.0, 3900, 2400, 117),
(1454.8515000000043, 11305, 26574.0, 3900, 2400, 123),
(1454.965532000002, 11307, 26574.0, 3900, 2400, 125),
(1455.1628009999986, 11311, 26574.0, 3900, 2400, 129),
(1455.2786769999948, 11313, 26574.0, 3900, 2400, 131),
(1455.3868829999992, 11315, 26575.0, 3900, 2400, 133),
(1455.7686209999956, 11323, 22742.0, 3900, 2400, 141),
(1456.2544119999948, 11333, 23717.0, 3900, 2400, 151),
(1456.4692429999996, 11337, 26575.0, 3900, 2400, 115),
(1456.584063000002, 11339, 26575.0, 3900, 2400, 117),
(1456.8614260000031, 11345, 26574.0, 3900, 2400, 123),
(1456.9681509999937, 11347, 26574.0, 3900, 2400, 125),
(1457.1501080000016, 11351, 26574.0, 3900, 2400, 129),
(1457.2578869999998, 11353, 26574.0, 3900, 2400, 131),
(1457.364539000002, 11355, 26575.0, 3900, 2400, 133),
(1457.7307699999947, 11363, 22742.0, 3900, 2400, 141),
(1458.1621440000017, 11373, 23717.0, 3900, 2400, 151),
(1458.3904440000042, 11378, 26575.0, 3900, 2600, 115),
(1458.4931159999978, 11380, 26575.0, 3900, 2600, 117),
(1458.785136999999, 11386, 26574.0, 3900, 2600, 123),
(1458.8934819999995, 11388, 26574.0, 3900, 2600, 125),
(1459.0896930000017, 11392, 26574.0, 3900, 2600, 129),
(1459.189480999994, 11394, 26574.0, 3900, 2600, 131),
(1459.2938489999942, 11396, 26575.0, 3900, 2600, 133),
(1459.6725699999952, 11404, 22724.0, 3900, 2600, 141),
(1460.109507999994, 11414, 23717.0, 3900, 2600, 151),
(1460.3021140000055, 11418, 26575.0, 3900, 2600, 115),
(1460.4242280000035, 11420, 26575.0, 3900, 2600, 117),
(1460.7360719999997, 11426, 26574.0, 3900, 2600, 123),
(1460.837732, 11428, 26574.0, 3900, 2600, 125),
(1461.0231829999975, 11432, 26574.0, 3900, 2600, 129),
(1461.1394719999953, 11434, 26574.0, 3900, 2600, 131),
(1461.2587329999951, 11436, 26575.0, 3900, 2600, 133),
(1461.6715799999947, 11444, 22724.0, 3900, 2600, 141),
(1462.1698750000069, 11454, 23717.0, 3900, 2600, 151),
(1462.3789129999932, 11458, 26575.0, 3900, 2600, 115),
(1462.4822129999957, 11460, 26575.0, 3900, 2600, 117),
(1462.753549999994, 11466, 26574.0, 3900, 2600, 123),
(1462.8696670000063, 11468, 26574.0, 3900, 2600, 125),
(1463.074682999999, 11472, 26574.0, 3900, 2600, 129),
(1463.1758030000055, 11474, 26574.0, 3900, 2600, 131),
(1463.273537000001, 11476, 26575.0, 3900, 2600, 133),
(1463.6217440000037, 11484, 22724.0, 3900, 2600, 141),
(1464.0532999999996, 11494, 23717.0, 3900, 2600, 151),
(1464.2880250000017, 11499, 26575.0, 3900, 2800, 115),
(1464.3897480000014, 11501, 26575.0, 3900, 2800, 117),
(1464.6669819999952, 11507, 26574.0, 3900, 2800, 123),
(1464.7700040000054, 11509, 26574.0, 3900, 2800, 125),
(1464.9543750000012, 11513, 26574.0, 3900, 2800, 129),
(1465.0600949999935, 11515, 26574.0, 3900, 2800, 131),
(1465.1770580000011, 11517, 26575.0, 3900, 2800, 133),
(1465.548379999993, 11525, 22724.0, 3900, 2800, 141),
(1466.0296360000066, 11535, 26326.0, 3900, 2800, 151),
(1466.2366279999987, 11539, 26575.0, 3900, 2800, 115),
(1466.3480629999976, 11541, 26575.0, 3900, 2800, 117),
(1466.675921999995, 11547, 26574.0, 3900, 2800, 123),
(1466.7914089999977, 11549, 26574.0, 3900, 2800, 125),
(1467.011627999993, 11553, 26574.0, 3900, 2800, 129),
(1467.1218519999966, 11555, 26574.0, 3900, 2800, 131),
(1467.2392899999977, 11557, 26575.0, 3900, 2800, 133),
(1467.6380999999965, 11565, 22742.0, 3900, 2800, 141),
(1468.105104999995, 11575, 23717.0, 3900, 2800, 151),
(1468.288956000004, 11579, 26575.0, 3900, 2800, 115),
(1468.3977690000029, 11581, 26575.0, 3900, 2800, 117),
(1468.7126759999956, 11587, 26574.0, 3900, 2800, 123),
(1468.8261559999955, 11589, 26574.0, 3900, 2800, 125),
(1469.036991999994, 11593, 26574.0, 3900, 2800, 129),
(1469.1494749999983, 11595, 26574.0, 3900, 2800, 131),
(1469.2662529999943, 11597, 26575.0, 3900, 2800, 133),
(1469.6096430000034, 11605, 22742.0, 3900, 2800, 141),
(1470.0430909999995, 11615, 23717.0, 3900, 2800, 151),
(1470.260580999995, 11620, 26575.0, 3900, 3000, 115),
(1470.886526999995, 11634, 26574.0, 3900, 3000, 129),
(1472.0513050000009, 11660, 26575.0, 3900, 3000, 115),
(1472.701648000002, 11674, 26574.0, 3900, 3000, 129),
(1473.8436939999956, 11700, 26575.0, 3900, 3000, 115),
(1474.4583790000033, 11714, 26574.0, 3900, 3000, 129),
(1481.0133939999942, 11862, 26575.0, 3900, 2100, 115),
(1481.6831990000064, 11876, 26574.0, 3900, 2100, 129),
(1482.801158000002, 11902, 26575.0, 3900, 2100, 115),
(1483.403588999994, 11916, 26574.0, 3900, 2100, 129),
(1484.513997999995, 11942, 26575.0, 3900, 2100, 115),
(1485.128389000005, 11956, 26574.0, 3900, 2100, 129),
(1491.5767239999986, 12104, 52625.0, 3900, 2300, 115),
(1492.335659000004, 12120, 26574.0, 3900, 2300, 131),
(1492.6713549999986, 12127, 24048.0, 3900, 2300, 138),
(1493.7642090000008, 12152, 26574.0, 3900, 2300, 123),
(1493.8590930000064, 12154, 26574.0, 3900, 2300, 125),
(1494.7356659999932, 12174, 23718.0, 3900, 2300, 145),
(1495.2460299999948, 12186, 26575.0, 3900, 2300, 117),
(1495.658918000001, 12194, 26574.0, 3900, 2300, 125),
(1496.9949070000002, 12225, 26575.0, 3900, 2400, 115),
(1497.0902429999987, 12227, 26575.0, 3900, 2400, 117),
(1497.3413049999945, 12233, 26574.0, 3900, 2400, 123),
(1497.4375600000058, 12235, 26574.0, 3900, 2400, 125),
(1497.6143770000053, 12239, 26574.0, 3900, 2400, 129),
(1497.739637999999, 12241, 26574.0, 3900, 2400, 131),
(1497.8456989999977, 12243, 26575.0, 3900, 2400, 133),
(1498.2440590000042, 12251, 22742.0, 3900, 2400, 141),
(1498.7188960000058, 12261, 23717.0, 3900, 2400, 151),
(1498.9347039999993, 12265, 26575.0, 3900, 2400, 115),
(1499.047516999999, 12267, 26575.0, 3900, 2400, 117),
(1499.3458850000025, 12273, 26574.0, 3900, 2400, 123),
(1499.4622700000036, 12275, 26574.0, 3900, 2400, 125),
(1499.6496170000028, 12279, 26574.0, 3900, 2400, 129),
(1499.7587849999982, 12281, 26574.0, 3900, 2400, 131),
(1499.8702449999982, 12283, 26575.0, 3900, 2400, 133),
(1500.227973999994, 12291, 22742.0, 3900, 2400, 141),
(1500.6668610000052, 12301, 23717.0, 3900, 2400, 151),
(1500.848284000007, 12305, 26575.0, 3900, 2400, 115),
(1500.9459170000046, 12307, 26575.0, 3900, 2400, 117),
(1501.2145109999983, 12313, 26574.0, 3900, 2400, 123),
(1501.3146479999996, 12315, 26574.0, 3900, 2400, 125),
(1501.5298630000034, 12319, 26574.0, 3900, 2400, 129),
(1501.6571989999939, 12321, 26574.0, 3900, 2400, 131),
(1501.7734190000047, 12323, 26575.0, 3900, 2400, 133),
(1502.1704339999997, 12331, 22742.0, 3900, 2400, 141),
(1502.6080729999958, 12341, 23717.0, 3900, 2400, 151),
(1502.8402260000003, 12346, 26575.0, 3900, 2500, 115),
(1502.946272000001, 12348, 26575.0, 3900, 2500, 117),
(1503.2037790000031, 12354, 22662.0, 3900, 2500, 123),
(1503.3059019999928, 12356, 26574.0, 3900, 2500, 125),
(1503.5082910000056, 12360, 26574.0, 3900, 2500, 129),
(1503.6059720000048, 12362, 26574.0, 3900, 2500, 131),
(1504.4187200000015, 12381, 23717.0, 3900, 2500, 150),
(1504.650735000003, 12386, 26575.0, 3900, 2500, 115),
(1504.7722860000067, 12388, 26575.0, 3900, 2500, 117),
(1505.1076139999932, 12394, 22662.0, 3900, 2500, 123),
(1505.2323739999993, 12396, 26574.0, 3900, 2500, 125),
(1505.4264470000053, 12400, 26574.0, 3900, 2500, 129),
(1505.5187379999988, 12402, 26574.0, 3900, 2500, 131),
(1506.360090999995, 12421, 23717.0, 3900, 2500, 150),
(1506.608705999999, 12426, 26575.0, 3900, 2500, 115),
(1506.7152530000021, 12428, 26575.0, 3900, 2500, 117),
(1506.993140999999, 12434, 26574.0, 3900, 2500, 123),
(1507.0889860000025, 12436, 26574.0, 3900, 2500, 125),
(1507.2792389999959, 12440, 26574.0, 3900, 2500, 129),
(1507.409369999994, 12442, 26574.0, 3900, 2500, 131),
(1508.3274640000018, 12461, 23717.0, 3900, 2500, 150),
(1508.5974290000013, 12467, 26575.0, 3900, 2600, 115),
(1508.691835000005, 12469, 26575.0, 3900, 2600, 117),
(1508.9432579999993, 12475, 26574.0, 3900, 2600, 123),
(1509.0432500000024, 12477, 26574.0, 3900, 2600, 125),
(1509.2436650000018, 12481, 26574.0, 3900, 2600, 129),
(1509.3579989999998, 12483, 26574.0, 3900, 2600, 131),
(1509.4619119999988, 12485, 26575.0, 3900, 2600, 133),
(1509.828066999995, 12493, 22724.0, 3900, 2600, 141),
(1510.2749889999977, 12503, 23717.0, 3900, 2600, 151),
(1510.4721620000055, 12507, 26575.0, 3900, 2600, 115),
(1510.579522, 12509, 26575.0, 3900, 2600, 117),
(1510.8357419999957, 12515, 26574.0, 3900, 2600, 123),
(1510.9312159999972, 12517, 26574.0, 3900, 2600, 125),
(1511.1364849999954, 12521, 26574.0, 3900, 2600, 129),
(1511.2392459999974, 12523, 26574.0, 3900, 2600, 131),
(1511.3322139999946, 12525, 26575.0, 3900, 2600, 133),
(1511.7028969999956, 12533, 22724.0, 3900, 2600, 141),
(1512.1901090000028, 12543, 23717.0, 3900, 2600, 151),
(1512.4076239999995, 12547, 26575.0, 3900, 2600, 115),
(1512.528455000007, 12549, 26575.0, 3900, 2600, 117),
(1512.824020999993, 12555, 26574.0, 3900, 2600, 123),
(1512.925252999994, 12557, 26574.0, 3900, 2600, 125),
(1513.1089139999967, 12561, 26574.0, 3900, 2600, 129),
(1513.2312189999939, 12563, 26574.0, 3900, 2600, 131),
(1513.3374429999967, 12565, 26575.0, 3900, 2600, 133),
(1513.680217999994, 12573, 22724.0, 3900, 2600, 141),
(1514.4202229999937, 12588, 26575.0, 3900, 2700, 115),
(1514.517835999999, 12590, 26575.0, 3900, 2700, 117),
(1514.7645510000002, 12596, 26574.0, 3900, 2700, 123),
(1514.8589409999986, 12598, 26574.0, 3900, 2700, 125),
(1515.0361799999955, 12602, 26574.0, 3900, 2700, 129),
(1515.1524599999975, 12604, 26574.0, 3900, 2700, 131),
(1515.2585689999978, 12606, 26575.0, 3900, 2700, 133),
(1515.6195549999975, 12614, 22724.0, 3900, 2700, 141),
(1516.091299000007, 12624, 23717.0, 3900, 2700, 151),
(1516.3267380000034, 12628, 26575.0, 3900, 2700, 115),
(1516.4482900000003, 12630, 26575.0, 3900, 2700, 117),
(1516.740021000005, 12636, 26574.0, 3900, 2700, 123),
(1516.8565220000019, 12638, 26574.0, 3900, 2700, 125),
(1517.0726120000036, 12642, 26574.0, 3900, 2700, 129),
(1517.1910470000003, 12644, 26574.0, 3900, 2700, 131),
(1517.3177390000055, 12646, 26575.0, 3900, 2700, 133),
(1517.6993479999946, 12654, 22724.0, 3900, 2700, 141),
(1518.1992409999948, 12664, 23717.0, 3900, 2700, 151),
(1518.3859850000008, 12668, 26575.0, 3900, 2700, 115),
(1518.4864379999926, 12670, 26575.0, 3900, 2700, 117),
(1518.7549089999957, 12676, 26574.0, 3900, 2700, 123),
(1518.8535739999934, 12678, 26574.0, 3900, 2700, 125),
(1519.0382390000013, 12682, 26574.0, 3900, 2700, 129),
(1519.134091, 12684, 26574.0, 3900, 2700, 131),
(1519.231197000001, 12686, 26575.0, 3900, 2700, 133),
(1519.5810990000027, 12694, 22724.0, 3900, 2700, 141),
(1520.041824, 12704, 23717.0, 3900, 2700, 151),
(1520.2895730000018, 12709, 26575.0, 3900, 2800, 115),
(1520.3905490000034, 12711, 26575.0, 3900, 2800, 117),
(1520.6433039999974, 12717, 26574.0, 3900, 2800, 123),
(1520.744531999997, 12719, 26574.0, 3900, 2800, 125),
(1520.941519999993, 12723, 26574.0, 3900, 2800, 129),
(1521.0591739999945, 12725, 26574.0, 3900, 2800, 131),
(1521.1674740000017, 12727, 26575.0, 3900, 2800, 133),
(1521.572211000006, 12735, 22724.0, 3900, 2800, 141),
(1522.0485800000024, 12745, 23717.0, 3900, 2800, 151),
(1522.241341999994, 12749, 26575.0, 3900, 2800, 115),
(1522.3377550000005, 12751, 26575.0, 3900, 2800, 117),
(1522.6323669999983, 12757, 26574.0, 3900, 2800, 123),
(1522.7476449999958, 12759, 26574.0, 3900, 2800, 125),
(1522.9669200000062, 12763, 26574.0, 3900, 2800, 129),
(1523.0670019999961, 12765, 26574.0, 3900, 2800, 131),
(1523.169127000001, 12767, 26575.0, 3900, 2800, 133),
(1523.517108999993, 12775, 22724.0, 3900, 2800, 141),
(1523.956714, 12785, 23717.0, 3900, 2800, 151),
(1524.1582740000013, 12789, 26575.0, 3900, 2800, 115),
(1524.2780360000033, 12791, 26575.0, 3900, 2800, 117),
(1524.5723239999934, 12797, 26574.0, 3900, 2800, 123),
(1524.6987720000034, 12799, 26574.0, 3900, 2800, 125),
(1524.9195219999965, 12803, 26574.0, 3900, 2800, 129),
(1525.028284, 12805, 26574.0, 3900, 2800, 131),
(1525.136446000004, 12807, 26575.0, 3900, 2800, 133),
(1525.5670530000061, 12815, 22724.0, 3900, 2800, 141),
(1526.0457319999987, 12825, 23717.0, 3900, 2800, 151),
(1531.3870770000067, 12951, 26575.0, 3900, 3000, 115),
(1532.0270049999963, 12965, 26574.0, 3900, 3000, 129),
(1533.2524589999957, 12991, 26575.0, 3900, 3000, 115),
(1533.9583089999942, 13005, 26574.0, 3900, 3000, 129),
(1535.1165400000027, 13031, 26575.0, 3900, 3000, 115),
(1535.7494270000025, 13045, 26574.0, 3900, 3000, 129),
(1547.7758719999983, 13314, 26575.0, 4100, 2000, 115),
(1547.8969199999992, 13316, 26575.0, 4100, 2000, 117),
(1548.1906670000026, 13322, 22680.0, 4100, 2000, 123),
(1548.3174049999943, 13324, 26574.0, 4100, 2000, 125),
(1548.5140129999927, 13328, 26574.0, 4100, 2000, 129),
(1548.6343849999976, 13330, 26574.0, 4100, 2000, 131),
(1549.551947, 13349, 23717.0, 4100, 2000, 150),
(1549.829224000001, 13354, 26575.0, 4100, 2000, 115),
(1549.9339990000008, 13356, 26575.0, 4100, 2000, 117),
(1550.2120679999935, 13362, 22680.0, 4100, 2000, 123),
(1550.3166930000007, 13364, 26574.0, 4100, 2000, 125),
(1550.5092080000031, 13368, 26574.0, 4100, 2000, 129),
(1550.619273999997, 13370, 26574.0, 4100, 2000, 131),
(1551.4231509999954, 13389, 23717.0, 4100, 2000, 150),
(1551.6524179999979, 13394, 26575.0, 4100, 2000, 115),
(1551.757123999996, 13396, 26575.0, 4100, 2000, 117),
(1552.0502719999931, 13402, 22680.0, 4100, 2000, 123),
(1552.158957000007, 13404, 26574.0, 4100, 2000, 125),
(1552.3627050000068, 13408, 26574.0, 4100, 2000, 129),
(1552.4702180000022, 13410, 26574.0, 4100, 2000, 131),
(1553.5432489999948, 13434, 937188.5, 4100, 2400, 114),
(1553.7042470000015, 13435, 1067891.25, 4100, 2400, 115),
(1553.7042470000015, 13435, 22664.0, 4100, 2400, 115),
(1561.2736770000047, 13436, 52623.0, 4100, 2400, 116),
(1561.3366349999997, 13437, 52625.0, 4100, 2400, 117),
(1561.394094000003, 13438, 22662.0, 4100, 2400, 118),
(1561.4539629999927, 13439, 26575.0, 4100, 2400, 119),
(1561.649390999999, 13443, 1004520.0, 4100, 2400, 123),
(1561.8192560000025, 13444, 1136914.0, 4100, 2400, 124),
(1561.8192560000025, 13444, 52618.0, 4100, 2400, 124),
(1569.6218539999973, 13448, 1022272.25, 4100, 2400, 128),
(1569.7912159999978, 13449, 1178568.25, 4100, 2400, 129),
(1569.7912159999978, 13449, 22664.0, 4100, 2400, 129),
(1577.461473000003, 13451, 22664.0, 4100, 2400, 131),
(1577.525038000007, 13452, 22661.0, 4100, 2400, 132),
(1577.5873850000062, 13453, 26574.0, 4100, 2400, 133),
(1577.7803459999996, 13457, 944617.5, 4100, 2400, 137),
(1577.9392789999984, 13458, 1064652.5, 4100, 2400, 138),
(1577.9392789999984, 13458, 22429.0, 4100, 2400, 138),
(1585.5708589999995, 13460, 880114.75, 4100, 2400, 140),
(1585.7175060000009, 13461, 990564.75, 4100, 2400, 141),
(1585.7175060000009, 13461, 26906.0, 4100, 2400, 141),
(1593.3876060000039, 13465, 829506.75, 4100, 2400, 145),
(1593.5281689999974, 13466, 955668.5, 4100, 2400, 146),
(1593.5281689999974, 13466, 26327.0, 4100, 2400, 146),
(1601.2861890000058, 13470, 979024.5, 4100, 2400, 150),
(1601.4480659999972, 13471, 1143531.75, 4100, 2400, 151),
(1601.4480659999972, 13471, 22417.0, 4100, 2400, 151),
(1609.0448310000065, 13472, 22742.0, 4100, 2400, 152),
(1609.159335999997, 13474, 937608.5, 4100, 2400, 114),
(1609.3133180000004, 13475, 1054080.0, 4100, 2400, 115),
(1609.3133180000004, 13475, 22664.0, 4100, 2400, 115),
(1616.8983699999953, 13476, 52623.0, 4100, 2400, 116),
(1616.967988000004, 13477, 52625.0, 4100, 2400, 117),
(1617.0383460000012, 13478, 22662.0, 4100, 2400, 118),
(1617.100510999997, 13479, 26575.0, 4100, 2400, 119),
(1617.291041000004, 13483, 951915.0, 4100, 2400, 123),
(1617.446683000002, 13484, 1100105.0, 4100, 2400, 124),
(1617.446683000002, 13484, 52618.0, 4100, 2400, 124),
(1625.111023999998, 13488, 835960.25, 4100, 2400, 128),
(1625.2570489999925, 13489, 938100.0, 4100, 2400, 129),
(1625.2570489999925, 13489, 22664.0, 4100, 2400, 129),
(1632.8246010000003, 13491, 22664.0, 4100, 2400, 131),
(1632.8848169999983, 13492, 22661.0, 4100, 2400, 132),
(1632.943585999994, 13493, 26574.0, 4100, 2400, 133),
(1633.1220290000056, 13497, 852824.5, 4100, 2400, 137),
(1633.262143, 13498, 992419.75, 4100, 2400, 138),
(1633.262143, 13498, 22429.0, 4100, 2400, 138),
(1640.9375690000015, 13500, 896922.25, 4100, 2400, 140),
(1641.0884789999982, 13501, 1019129.25, 4100, 2400, 141),
(1641.0884789999982, 13501, 26906.0, 4100, 2400, 141),
(1648.8711849999963, 13505, 945527.25, 4100, 2400, 145),
(1649.0474329999997, 13506, 1075237.5, 4100, 2400, 146),
(1649.0474329999997, 13506, 26327.0, 4100, 2400, 146),
(1656.7936000000045, 13510, 921379.25, 4100, 2400, 150),
(1656.9524180000008, 13511, 1026466.0, 4100, 2400, 151),
(1656.9524180000008, 13511, 22417.0, 4100, 2400, 151),
(1664.537559000004, 13512, 22742.0, 4100, 2400, 152),
(1664.646477999995, 13514, 902235.0, 4100, 2400, 114),
(1664.799257000006, 13515, 1014511.5, 4100, 2400, 115),
(1664.799257000006, 13515, 22664.0, 4100, 2400, 115),
(1672.3803920000064, 13516, 52623.0, 4100, 2400, 116),
(1672.4483749999927, 13517, 52625.0, 4100, 2400, 117),
(1672.5067379999964, 13518, 22662.0, 4100, 2400, 118),
(1672.576476000002, 13519, 26575.0, 4100, 2400, 119),
(1672.8002019999985, 13523, 920619.25, 4100, 2400, 123),
(1672.9554800000042, 13524, 1064217.75, 4100, 2400, 124),
(1672.9554800000042, 13524, 52618.0, 4100, 2400, 124),
(1680.6188379999949, 13528, 825809.5, 4100, 2400, 128),
(1680.7621820000059, 13529, 956510.25, 4100, 2400, 129),
(1680.7621820000059, 13529, 22664.0, 4100, 2400, 129),
(1688.4299429999955, 13531, 22664.0, 4100, 2400, 131),
(1688.4928599999985, 13532, 22661.0, 4100, 2400, 132),
(1688.5528720000002, 13533, 26574.0, 4100, 2400, 133),
(1688.7380859999976, 13537, 873889.25, 4100, 2400, 137),
(1688.884428999998, 13538, 1019126.25, 4100, 2400, 138),
(1688.884428999998, 13538, 22411.0, 4100, 2400, 138),
(1696.4899069999956, 13540, 874170.5, 4100, 2400, 140),
(1696.641233000002, 13541, 996392.75, 4100, 2400, 141),
(1696.641233000002, 13541, 26906.0, 4100, 2400, 141),
(1704.3355299999967, 13545, 827640.0, 4100, 2400, 145),
(1704.4733279999928, 13546, 926331.75, 4100, 2400, 146),
(1704.4733279999928, 13546, 26327.0, 4100, 2400, 146),
(1712.1634270000068, 13550, 881409.5, 4100, 2400, 150),
(1712.3146200000047, 13551, 1053154.25, 4100, 2400, 151),
(1712.3146200000047, 13551, 22417.0, 4100, 2400, 151),
(1719.8980379999994, 13552, 22742.0, 4100, 2400, 152),
