(0.0, 1, 494351.0, 3500, 2300, 100),
(19.62838800001191, 3, 494351.0, 3500, 2300, 102),
(38.9966499999864, 4, 493980.0, 3500, 2300, 103),
(48.80547099997057, 5, 494351.0, 3500, 2300, 104),
(58.515643000020646, 6, 494351.0, 3500, 2300, 105),
(68.26431399997091, 7, 494351.0, 3500, 2300, 106),
(78.0056259999983, 8, 494351.0, 3500, 2300, 107),
(87.74744599999394, 9, 493980.0, 3500, 2300, 108),
(97.49100599996746, 10, 494351.0, 3500, 2300, 109),
(107.2375919999904, 11, 494351.0, 3500, 2300, 110),
(116.97112100000959, 12, 494351.0, 3500, 2300, 111),
(126.6986700000125, 13, 494351.0, 3500, 2300, 112),
(136.44582099997206, 14, 494351.0, 3500, 2300, 113),
(155.9660000000149, 16, 494351.0, 3500, 2300, 115),
(165.70387199998368, 17, 493981.0, 3500, 2300, 116),
(175.46283199999016, 18, 494351.0, 3500, 2300, 117),
(283.63898200000403, 25, 495032.0, 3500, 2300, 124),
(303.21233499998925, 26, 494351.0, 3500, 2300, 125),
(313.035858999996, 27, 494352.0, 3500, 2300, 126),
(322.9607509999769, 28, 494351.0, 3500, 2300, 127),
(332.8900910000084, 29, 494352.0, 3500, 2300, 128),
(342.7079369999701, 30, 494351.0, 3500, 2300, 129),
(352.5301810000092, 31, 494351.0, 3500, 2300, 130),
(362.513443999982, 32, 494367.0, 3500, 2300, 131),
(372.54206800000975, 33, 494351.0, 3500, 2300, 132),
(382.35308500000974, 34, 494351.0, 3500, 2300, 133),
(392.20760500000324, 35, 494351.0, 3500, 2300, 134),
(411.9365530000068, 37, 493706.0, 3500, 2300, 136),
(421.6927859999705, 38, 494351.0, 3500, 2300, 137),
(431.4607889999752, 39, 494351.0, 3500, 2300, 138),
(451.2794039999717, 41, 494351.0, 3500, 2300, 140),
(470.8406809999724, 42, 494350.0, 3500, 2300, 141),
(480.6932169999927, 43, 494351.0, 3500, 2300, 142),
(490.48925599997165, 44, 494352.0, 3500, 2300, 143),
(500.38163099996746, 45, 494351.0, 3500, 2300, 144),
(510.35007500002393, 46, 494350.0, 3500, 2300, 145),
(520.181128999975, 47, 494351.0, 3500, 2300, 146),
(530.0761899999925, 48, 495408.0, 3500, 2300, 147),
(539.8816579999984, 49, 494351.0, 3500, 2300, 148),
(549.7656960000168, 50, 494352.0, 3500, 2300, 149),
(569.6318960000062, 52, 494351.0, 3500, 2300, 151),
(589.320132999972, 53, 494350.0, 3500, 2300, 152),
(599.2484790000017, 54, 494352.0, 3500, 2300, 153),
(619.0466069999966, 56, 494351.0, 3500, 2300, 155),
(638.7318080000114, 57, 494351.0, 3500, 2300, 156),
(658.4854620000115, 59, 493708.0, 3500, 2300, 158),
(668.3208260000101, 60, 493930.0, 3500, 2300, 159),
(688.1335039999685, 62, 494431.0, 3500, 2300, 161),
(757.0180749999708, 66, 494351.0, 3500, 2300, 165),
(776.6860500000184, 67, 494351.0, 3500, 2300, 166),
(786.55920899997, 68, 494351.0, 3500, 2300, 167),
(796.4162500000093, 69, 494211.0, 3500, 2300, 168),
(816.1885899999761, 71, 493980.0, 3500, 2300, 170),
(835.8220169999986, 72, 494006.0, 3500, 2300, 171),
(845.6724979999708, 73, 494006.0, 3500, 2300, 172),
(855.5406470000162, 74, 494351.0, 3500, 2300, 173),
(865.4440419999883, 75, 494188.0, 3500, 2300, 174),
(875.2899040000048, 76, 494351.0, 3500, 2300, 175),
(885.1166329999687, 77, 494351.0, 3500, 2300, 176),
(904.9422229999909, 79, 494351.0, 3500, 2300, 178),
(914.777762999991, 80, 494352.0, 3500, 2300, 179),
(924.6356059999671, 81, 494351.0, 3500, 2300, 180),
(934.4753500000224, 82, 494351.0, 3500, 2300, 181),
(954.1766519999946, 84, 494351.0, 3500, 2300, 183),
(963.9585020000231, 85, 494007.0, 3500, 2300, 184),
(973.9231039999868, 86, 494351.0, 3500, 2300, 185),
(983.7566639999859, 87, 494351.0, 3500, 2300, 186),
(993.6264059999958, 88, 494086.0, 3500, 2300, 187),
(1013.6036089999834, 90, 494078.0, 3500, 2300, 189),
(1033.3387009999715, 91, 494352.0, 3500, 2300, 190),
(1043.19011700002, 92, 494351.0, 3500, 2300, 191),
(1063.138020000013, 94, 494351.0, 3500, 2300, 193),
(1082.6856709999847, 95, 494352.0, 3500, 2300, 194),
(1092.5053619999671, 96, 494351.0, 3500, 2300, 195),
(1102.3429739999701, 97, 494351.0, 3500, 2300, 196),
(1122.079037999967, 99, 494351.0, 3500, 2300, 198),
(1131.8775840000017, 100, 494352.0, 3500, 2300, 199),
(1141.8220609999844, 101, 494353.0, 3500, 2300, 200),
(1151.6465849999804, 102, 494351.0, 3500, 2300, 201),
(1161.6697719999938, 103, 494352.0, 3500, 2300, 202),
(1181.4803250000114, 105, 494352.0, 3500, 2300, 204),
(1201.0493530000094, 106, 494351.0, 3500, 2300, 205),
(1220.7655650000088, 108, 494352.0, 3500, 2300, 207),
(1240.9416249999776, 110, 494182.0, 3500, 2300, 209),
(1260.4189170000027, 111, 494351.0, 3500, 2300, 210),
(1270.2722160000121, 112, 494351.0, 3500, 2300, 211),
(1280.1852189999772, 113, 494351.0, 3500, 2300, 212),
(1290.1424879999831, 114, 494351.0, 3500, 2300, 213),
(1299.926295000012, 115, 494162.0, 3500, 2300, 214),
(1309.7773349999916, 116, 494351.0, 3500, 2300, 215),
(1319.6073670000187, 117, 494351.0, 3500, 2300, 216),
(1339.3860770000028, 119, 494351.0, 3500, 2300, 218),
(1358.8879290000186, 120, 494190.0, 3500, 2300, 219),
(1378.8127139999997, 122, 494352.0, 3500, 2300, 221),
(1398.4772419999936, 123, 494351.0, 3500, 2300, 222),
(1408.3093029999873, 124, 494351.0, 3500, 2300, 223),
(1447.7996019999846, 127, 493980.0, 3500, 2300, 226),
(1467.5473900000216, 128, 494351.0, 3500, 2300, 227),
(1477.3992859999998, 129, 494351.0, 3500, 2300, 228),
(1487.2606350000133, 130, 494032.0, 3500, 2300, 229),
(1497.0442639999674, 131, 494351.0, 3500, 2300, 230),
(1506.8849760000012, 132, 494058.0, 3500, 2300, 231),
(1516.7804009999963, 133, 494351.0, 3500, 2300, 232),
(1526.656615999993, 134, 494006.0, 3500, 2300, 233),
(1536.480333000014, 135, 494351.0, 3500, 2300, 234),
(1546.4462339999736, 136, 494032.0, 3500, 2300, 235),
(1556.293891999987, 137, 494084.0, 3500, 2300, 236),
(1566.19412499998, 138, 494351.0, 3500, 2300, 237),
(1575.9967840000172, 139, 494032.0, 3500, 2300, 238),
(1586.0080019999878, 140, 494351.0, 3500, 2300, 239),
(1595.8986700000241, 141, 494351.0, 3500, 2300, 240),
(1615.7866619999986, 143, 494351.0, 3500, 2300, 242),
(1635.3302740000072, 144, 494058.0, 3500, 2300, 243),
(1645.1497429999872, 145, 494352.0, 3500, 2300, 244),
(1654.9831199999899, 146, 494351.0, 3500, 2300, 245),
(1664.9459149999893, 147, 494136.0, 3500, 2300, 246),
(1674.877930000017, 148, 494352.0, 3500, 2300, 247),
(1684.8546699999715, 149, 494084.0, 3500, 2300, 248),
(1694.824375999975, 150, 494352.0, 3500, 2300, 249),
(1704.6759839999722, 151, 494351.0, 3500, 2300, 250),
(1714.5165450000204, 152, 494162.0, 3500, 2300, 251),
(1724.4300710000098, 153, 494351.0, 3500, 2300, 252),
(1734.3310209999909, 154, 494351.0, 3500, 2300, 253),
(1744.2905150000006, 155, 494351.0, 3500, 2300, 254),
(1754.1386259999708, 156, 494351.0, 3500, 2300, 255),
(1764.1518619999988, 157, 494217.0, 3500, 2300, 256),
(1783.864111999981, 159, 494351.0, 3500, 2300, 258),
(1803.2886469999794, 160, 494351.0, 3500, 2300, 259),
(1813.1077270000242, 161, 494351.0, 3500, 2300, 260),
(1822.8610580000095, 162, 494213.0, 3500, 2300, 261),
(1832.6620770000154, 163, 494351.0, 3500, 2300, 262),
(1842.532892999996, 164, 494352.0, 3500, 2300, 263),
(1852.3606409999775, 165, 494351.0, 3500, 2300, 264),
(1862.3352469999809, 166, 494351.0, 3500, 2300, 265),
(1892.1422640000237, 169, 494351.0, 3500, 2300, 268),
(1921.8157839999767, 171, 494351.0, 3500, 2300, 270),
(1941.4626370000187, 172, 494351.0, 3500, 2300, 271),
(1951.3405129999737, 173, 494352.0, 3500, 2300, 272),
(1961.2891240000026, 174, 494351.0, 3500, 2300, 273),
(1991.1577459999826, 177, 494169.0, 3500, 2300, 276),
(2010.84909600002, 178, 494351.0, 3500, 2300, 277),
(2020.6407909999834, 179, 494351.0, 3500, 2300, 278),
(2040.4295939999865, 181, 494352.0, 3500, 2300, 280),
(2060.15293500002, 182, 494351.0, 3500, 2300, 281),
(2079.9811699999846, 184, 494351.0, 3500, 2300, 283),
(2099.569702000008, 185, 494351.0, 3500, 2300, 284),
(2109.3574249999947, 186, 494233.0, 3500, 2300, 285),
(2119.4662869999884, 187, 494214.0, 3500, 2300, 286),
(2129.2783390000113, 188, 494351.0, 3500, 2300, 287),
(2139.0721630000044, 189, 494351.0, 3500, 2300, 288),
(2149.0499730000156, 190, 494212.0, 3500, 2300, 289),
(2168.8715599999996, 192, 494114.0, 3500, 2300, 291),
(2188.3755019999808, 193, 494351.0, 3500, 2300, 292),
(2198.1760590000194, 194, 494351.0, 3500, 2300, 293),
(2208.0287380000227, 195, 494351.0, 3500, 2300, 294),
(2217.8227230000193, 196, 494214.0, 3500, 2300, 295),
(2227.615136999986, 197, 494351.0, 3500, 2300, 296),
(2237.4222210000153, 198, 494351.0, 3500, 2300, 297),
(2247.2227810000186, 199, 494351.0, 3500, 2300, 298),
(2257.0323980000103, 200, 494351.0, 3500, 2300, 299),
(2266.8725659999764, 201, 494351.0, 3500, 2300, 300),
(2286.540801999974, 203, 494351.0, 3500, 2300, 302),
(2315.835511000012, 205, 494352.0, 3500, 2300, 304),
(2335.4744770000107, 207, 494352.0, 3500, 2300, 306),
(2354.9781659999862, 208, 494351.0, 3500, 2300, 307),
(2364.756552000006, 209, 494351.0, 3500, 2300, 308),
(2374.581712000014, 210, 494352.0, 3500, 2300, 309),
(2384.5472299999674, 211, 494302.0, 3500, 2300, 310),
(2394.4291000000085, 212, 494351.0, 3500, 2300, 311),
(2404.454792000004, 213, 494351.0, 3500, 2300, 312),
(2414.2677810000023, 214, 494351.0, 3500, 2300, 313),
(2424.079122999974, 215, 494352.0, 3500, 2300, 314),
(2433.8910639999667, 216, 494351.0, 3500, 2300, 315),
(2443.719339000003, 217, 494351.0, 3500, 2300, 316),
(2453.633994999982, 218, 494351.0, 3500, 2300, 317),
(2463.4734010000248, 219, 494351.0, 3500, 2300, 318),
(2541.972922999994, 224, 494351.0, 3500, 2300, 323),
(2551.826148000022, 225, 494264.0, 3500, 2300, 324),
(2561.6933679999784, 226, 494351.0, 3500, 2300, 325),
(2571.579501, 227, 494245.0, 3500, 2300, 326),
(2581.399296999967, 228, 494351.0, 3500, 2300, 327),
(2591.253395000007, 229, 494266.0, 3500, 2300, 328),
(2601.0814050000045, 230, 494306.0, 3500, 2300, 329),
(2610.9696019999683, 231, 494351.0, 3500, 2300, 330),
(2620.8100459999987, 232, 493980.0, 3500, 2300, 331),
(2630.6738250000053, 233, 494351.0, 3500, 2300, 332),
(2640.556079000002, 234, 494211.0, 3500, 2300, 333),
(2650.4168000000063, 235, 494265.0, 3500, 2300, 334),
