(0.0, 1, 26325.0, 4300, 2100, 157),
(0.09382800000003044, 2, 39872.25, 4300, 2100, 158),
(495486.5, 4300, 2100, 159),
(0.17226299999947514, 3, 26325.0, 4300, 2100, 159),
(7.8484550000002855, 4, 28843.0, 4300, 2100, 160),
(7.951358000000255, 6, 28843.0, 4300, 2100, 162),
(8.021255999999994, 7, 37927.5, 4300, 2100, 163),
(8.093886999999995, 8, 26348.0, 4300, 2100, 164),
(8.159273000000212, 9, 36989.5, 4300, 2100, 165),
(8.229247000000214, 10, 28641.0, 4300, 2100, 166),
(8.296239000000242, 11, 26920.0, 4300, 2100, 167),
(8.361606999999822, 12, 731.0, 4300, 2100, 168),
(9.586392999999589, 13, 26387.0, 4300, 2100, 169),
(9.656291000000238, 14, 37007.75, 4300, 2100, 170),
(1023730.0, 4300, 2100, 171),
(9.806281000000126, 15, 28844.0, 4300, 2100, 171),
(17.42617599999994, 16, 26575.0, 4300, 2100, 172),
(17.493000999999822, 17, 37046.5, 4300, 2100, 173),
(17.624413999999888, 20, 28843.0, 4300, 2100, 176),
(17.690192999999454, 21, 37013.25, 4300, 2100, 177),
(448432.25, 4300, 2100, 178),
(17.762120000000323, 22, 26592.0, 4300, 2100, 178),
(25.38991999999962, 23, 37051.75, 4300, 2100, 179),
(467810.75, 4300, 2100, 180),
(25.464208000000326, 24, 26594.0, 4300, 2100, 180),
(33.115632000000005, 26, 26574.0, 4300, 2100, 182),
(33.18732100000034, 27, 38863.25, 4300, 2100, 183),
(33.25878399999965, 28, 26594.0, 4300, 2100, 184),
(33.32607199999984, 29, 38853.25, 4300, 2100, 185),
(33.39516000000003, 30, 37020.25, 4300, 2100, 186),
(1011767.75, 4300, 2100, 187),
(33.543439000000035, 31, 44552.5, 4300, 2100, 187),
(1076194.0, 4300, 2100, 188),
(48.907006999999794, 34, 28843.0, 4300, 2100, 190),
(48.98021999999946, 35, 37929.5, 4300, 2100, 191),
(457667.5, 4300, 2100, 192),
(49.053288000000066, 36, 26601.0, 4300, 2100, 192),
(56.67554000000018, 37, 37033.75, 4300, 2100, 193),
(449387.75, 4300, 2100, 194),
(56.74747000000025, 38, 22678.0, 4300, 2100, 194),
(64.40493100000003, 40, 26573.0, 4300, 2100, 196),
(64.47670300000027, 41, 28844.0, 4300, 2100, 197),
(64.54464800000005, 42, 37051.5, 4300, 2100, 158),
(430982.5, 4300, 2100, 159),
(64.61419399999977, 43, 49140.75, 4300, 2100, 159),
(1128676.75, 4300, 2100, 160),
(72.32989499999985, 44, 28843.0, 4300, 2100, 160),
(80.02722999999969, 46, 28843.0, 4300, 2100, 162),
(80.09307999999965, 47, 37018.75, 4300, 2100, 163),
(80.16508299999987, 48, 26348.0, 4300, 2100, 164),
(80.23168199999964, 49, 37945.5, 4300, 2100, 165),
(80.30166300000019, 50, 28641.0, 4300, 2100, 166),
(80.36898999999994, 51, 28836.0, 4300, 2100, 167),
(292047.0, 4300, 2100, 169),
(80.48685000000023, 53, 81182.5, 4300, 2100, 169),
(1152597.75, 4300, 2100, 170),
(88.18696999999975, 54, 37911.5, 4300, 2100, 170),
(1249197.75, 4300, 2100, 171),
(95.99247399999967, 55, 28836.0, 4300, 2100, 171),
(103.68939099999989, 56, 26575.0, 4300, 2100, 172),
(103.75865499999964, 57, 38857.75, 4300, 2100, 173),
(103.89470100000017, 60, 28843.0, 4300, 2100, 176),
(103.96344799999952, 61, 38201.75, 4300, 2100, 177),
(470538.25, 4300, 2100, 178),
(104.03828599999997, 62, 26592.0, 4300, 2100, 178),
(111.74828699999944, 63, 37965.25, 4300, 2100, 179),
(447568.25, 4300, 2100, 180),
(111.82022200000029, 64, 26594.0, 4300, 2100, 180),
(119.42746799999986, 66, 26574.0, 4300, 2100, 182),
(119.49423500000012, 67, 38154.75, 4300, 2100, 183),
(119.56199500000002, 68, 26594.0, 4300, 2100, 184),
(119.62947499999973, 69, 37022.25, 4300, 2100, 185),
(119.6965339999997, 70, 38886.5, 4300, 2100, 186),
(444785.25, 4300, 2100, 187),
(119.76803000000018, 71, 71099.75, 4300, 2100, 187),
(1182994.75, 4300, 2100, 188),
(127.48697100000027, 72, 42587.0, 4300, 2100, 188),
(135.16305300000022, 74, 28843.0, 4300, 2100, 190),
(135.23577399999976, 75, 38842.0, 4300, 2100, 191),
(469645.25, 4300, 2100, 192),
(135.31062500000007, 76, 26592.0, 4300, 2100, 192),
(143.00111899999956, 77, 38911.0, 4300, 2100, 193),
(472388.0, 4300, 2100, 194),
(143.07612100000006, 78, 22678.0, 4300, 2100, 194),
(150.83055400000012, 80, 26573.0, 4300, 2100, 196),
(150.8953959999999, 81, 28844.0, 4300, 2100, 197),
(150.96464899999955, 82, 37049.5, 4300, 2100, 158),
(438342.5, 4300, 2100, 159),
(151.035261, 83, 26325.0, 4300, 2100, 159),
(158.74572799999987, 84, 28843.0, 4300, 2100, 160),
(158.84801999999945, 86, 28843.0, 4300, 2100, 162),
(158.91691600000013, 87, 40745.25, 4300, 2100, 163),
(158.98679900000025, 88, 26348.0, 4300, 2100, 164),
(159.05234399999972, 89, 38862.75, 4300, 2100, 165),
(159.235729, 90, 28641.0, 4300, 2100, 166),
(159.30168700000013, 91, 26920.0, 4300, 2100, 167),
(159.3676919999998, 92, 28641.0, 4300, 2100, 168),
(159.43384799999967, 93, 37028.75, 4300, 2100, 169),
(1006208.5, 4300, 2100, 170),
(159.58137299999999, 94, 46271.5, 4300, 2100, 170),
(1176524.0, 4300, 2100, 171),
(167.29051600000003, 95, 28844.0, 4300, 2100, 171),
(175.0074939999995, 96, 26575.0, 4300, 2100, 172),
(175.08087700000033, 97, 38874.0, 4300, 2100, 173),
(175.21693099999993, 100, 28843.0, 4300, 2100, 176),
(175.28552899999977, 101, 38833.5, 4300, 2100, 177),
(449369.25, 4300, 2100, 178),
(175.35750300000018, 102, 26592.0, 4300, 2100, 178),
(183.0185959999999, 103, 37043.75, 4300, 2100, 179),
(505574.0, 4300, 2100, 180),
(183.09807199999977, 104, 26594.0, 4300, 2100, 180),
(190.85751299999993, 106, 26574.0, 4300, 2100, 182),
(190.93112500000007, 107, 38857.0, 4300, 2100, 183),
(191.001346, 108, 26594.0, 4300, 2100, 184),
(191.06651200000033, 109, 49936.0, 4300, 2100, 185),
(191.13544000000002, 110, 37936.5, 4300, 2100, 186),
(988862.25, 4300, 2100, 187),
(191.2806760000003, 111, 69808.25, 4300, 2100, 187),
(1338536.25, 4300, 2100, 188),
(199.09652300000016, 112, 40740.5, 4300, 2100, 188),
(206.79564599999958, 114, 28843.0, 4300, 2100, 190),
(206.86960999999974, 115, 40697.25, 4300, 2100, 191),
(461374.75, 4300, 2100, 192),
(206.94374100000005, 116, 52637.0, 4300, 2100, 192),
(214.5872730000001, 117, 47272.5, 4300, 2100, 193),
(478544.25, 4300, 2100, 194),
(214.66326200000003, 118, 22678.0, 4300, 2100, 194),
(222.34940300000017, 120, 26573.0, 4300, 2100, 196),
(222.4190579999995, 121, 26582.0, 4300, 2100, 197),
(227.20475999999962, 247, 373.0, 4300, 2300, 161),
(228.65010299999994, 252, 39840.25, 4300, 2300, 166),
(515609.5, 4300, 2300, 167),
(236.33482300000014, 254, 23966.0, 4300, 2300, 168),
(236.45892000000003, 256, 22464.0, 4300, 2300, 170),
(236.53204499999993, 257, 26575.0, 4300, 2300, 171),
(236.60280799999964, 258, 22663.0, 4300, 2300, 172),
(236.6709639999999, 259, 26575.0, 4300, 2300, 173),
(236.77074999999968, 261, 38858.5, 4300, 2300, 175),
(468697.0, 4300, 2300, 176),
(236.84500000000025, 262, 22687.0, 4300, 2300, 176),
(244.48494500000015, 263, 26245.0, 4300, 2300, 177),
(244.69361000000026, 268, 19815.0, 4300, 2300, 182),
(244.76767500000005, 269, 22685.0, 4300, 2300, 183),
(245.17688100000032, 280, 38841.75, 4300, 2300, 194),
(505596.25, 4300, 2300, 195),
(245.25871300000017, 281, 22664.0, 4300, 2300, 195),
(253.0015830000002, 283, 22684.0, 4300, 2300, 197),
(253.07547199999954, 284, 38862.0, 4300, 2300, 158),
(253.15172499999971, 285, 532.0, 4300, 2300, 159),
(253.21989699999995, 286, 22685.0, 4300, 2300, 160),
(253.28851000000031, 287, 22416.0, 4300, 2300, 161),
(253.35698700000012, 288, 22684.0, 4300, 2300, 162),
(253.42512199999965, 289, 39938.5, 4300, 2300, 163),
(1002539.25, 4300, 2300, 164),
(261.217858, 291, 12287.0, 4300, 2300, 165),
(261.39530099999956, 292, 22480.0, 4300, 2300, 166),
(261.4694239999999, 293, 23966.0, 4300, 2300, 167),
(261.6406509999997, 297, 39794.5, 4300, 2300, 171),
(487167.0, 4300, 2300, 172),
(261.71742900000027, 298, 26584.0, 4300, 2300, 172),
(269.3550349999996, 299, 40694.25, 4300, 2300, 173),
(269.64952300000004, 306, 37970.0, 4300, 2300, 180),
(269.78304500000013, 309, 37913.25, 4300, 2300, 183),
(269.9188059999997, 312, 22680.0, 4300, 2300, 186),
(269.98868500000026, 313, 44547.0, 4300, 2300, 187),
(1045810.5, 4300, 2300, 188),
(270.141294, 314, 26575.0, 4300, 2300, 188),
(277.78085399999964, 315, 40687.75, 4300, 2300, 189),
(479736.25, 4300, 2300, 190),
(285.75652100000025, 324, 22485.0, 4300, 2300, 158),
(285.8294509999996, 325, 39779.5, 4300, 2300, 159),
(1029592.5, 4300, 2300, 160),
