(0.0, 1, 134945.0, 3500, 2300, 100),
(45.91071500000544, 5, 134945.0, 3500, 2300, 104),
(64.30967799999053, 7, 134945.0, 3500, 2300, 106),
(73.53179300000193, 8, 134945.0, 3500, 2300, 107),
(82.71310699998867, 9, 134942.0, 3500, 2300, 108),
(101.05403599998681, 11, 134945.0, 3500, 2300, 110),
(110.18891299999086, 12, 134945.0, 3500, 2300, 111),
(119.3344919999945, 13, 134945.0, 3500, 2300, 112),
(128.4644059999846, 14, 134948.0, 3500, 2300, 113),
(137.59971199999563, 15, 117591.0, 3500, 2300, 114),
(146.79167499998584, 16, 117581.0, 3500, 2300, 115),
(155.9240609999979, 17, 134958.0, 3500, 2300, 116),
(165.14781100000255, 18, 134946.0, 3500, 2300, 117),
(174.32376200001454, 19, 134947.0, 3500, 2300, 118),
(183.45875400002114, 20, 134945.0, 3500, 2300, 119),
(201.94056299998192, 22, 134946.0, 3500, 2300, 121),
(220.2023679999984, 23, 134945.0, 3500, 2300, 122),
(229.3349969999981, 24, 134945.0, 3500, 2300, 123),
(238.46515699999873, 25, 134945.0, 3500, 2300, 124),
(256.9566740000155, 27, 134945.0, 3500, 2300, 126),
(321.2193710000138, 31, 134945.0, 3500, 2300, 130),
(386.87142500001937, 35, 134945.0, 3500, 2300, 134),
(434.249953999999, 38, 134945.0, 3500, 2300, 137),
(462.7458629999892, 40, 134945.0, 3500, 2300, 139),
(481.5809260000242, 41, 134945.0, 3500, 2300, 140),
(510.239253000007, 44, 134089.0, 3500, 2300, 143),
(538.8028790000244, 46, 134946.0, 3500, 2300, 145),
(557.7198070000159, 47, 134945.0, 3500, 2300, 146),
(567.1749510000227, 48, 134945.0, 3500, 2300, 147),
(576.646035999991, 49, 134929.0, 3500, 2300, 148),
(614.7600620000158, 52, 134946.0, 3500, 2300, 151),
(624.2418840000173, 53, 134945.0, 3500, 2300, 152),
(633.8630300000077, 54, 134945.0, 3500, 2300, 153),
(643.3385029999772, 55, 134927.0, 3500, 2300, 154),
(652.8618579999893, 56, 134946.0, 3500, 2300, 155),
(662.3172030000133, 57, 134945.0, 3500, 2300, 156),
(671.7904349999735, 58, 134945.0, 3500, 2300, 157),
(681.2208809999865, 59, 134945.0, 3500, 2300, 158),
(690.7142769999919, 60, 135511.0, 3500, 2300, 159),
(700.2692210000241, 61, 134945.0, 3500, 2300, 160),
(709.7357290000073, 62, 134089.0, 3500, 2300, 161),
(719.2679440000211, 63, 134943.0, 3500, 2300, 162),
(728.7433009999804, 64, 134945.0, 3500, 2300, 163),
(738.2609659999725, 65, 134945.0, 3500, 2300, 164),
(747.7725269999937, 66, 134088.0, 3500, 2300, 165),
(757.2798789999797, 67, 134946.0, 3500, 2300, 166),
(766.8341779999901, 68, 134089.0, 3500, 2300, 167),
(776.403489999997, 69, 134945.0, 3500, 2300, 168),
(785.8922199999797, 70, 134945.0, 3500, 2300, 169),
(795.4767989999964, 71, 134946.0, 3500, 2300, 170),
(814.5895160000073, 73, 134945.0, 3500, 2300, 172),
(833.461930999998, 74, 134945.0, 3500, 2300, 173),
(842.9099290000158, 75, 134945.0, 3500, 2300, 174),
(861.9389649999794, 77, 134945.0, 3500, 2300, 176),
(890.6624699999811, 80, 134945.0, 3500, 2300, 179),
(900.119972000015, 81, 134945.0, 3500, 2300, 180),
(909.7112750000088, 82, 134945.0, 3500, 2300, 181),
(919.0501870000153, 83, 134945.0, 3500, 2300, 182),
(928.2407159999711, 84, 134945.0, 3500, 2300, 183),
(956.3341539999819, 87, 134945.0, 3500, 2300, 186),
(975.0113160000183, 88, 134945.0, 3500, 2300, 187),
(984.2278619999997, 89, 134945.0, 3500, 2300, 188),
(993.8069600000163, 90, 134946.0, 3500, 2300, 189),
(1012.2632979999762, 92, 134946.0, 3500, 2300, 191),
(1030.5259829999995, 93, 134946.0, 3500, 2300, 192),
(1039.8031569999876, 94, 134945.0, 3500, 2300, 193),
(1086.0015739999944, 98, 134945.0, 3500, 2300, 197),
(1104.65956, 99, 134945.0, 3500, 2300, 198),
(1113.9591639999999, 100, 134945.0, 3500, 2300, 199),
(1123.2108930000104, 101, 134945.0, 3500, 2300, 200),
(1132.8483600000036, 102, 134948.0, 3500, 2300, 201),
(1151.7340229999973, 104, 134946.0, 3500, 2300, 203),
(1169.9937439999776, 105, 134946.0, 3500, 2300, 204),
(1179.1660130000091, 106, 134963.0, 3500, 2300, 205),
(1215.9051970000146, 109, 134945.0, 3500, 2300, 208),
(1225.10972399998, 110, 134947.0, 3500, 2300, 209),
(1234.3037929999991, 111, 134945.0, 3500, 2300, 210),
(1243.5581489999895, 112, 134946.0, 3500, 2300, 211),
(1252.7197830000077, 113, 134946.0, 3500, 2300, 212),
(1261.8553110000212, 114, 134946.0, 3500, 2300, 213),
(1271.0182400000049, 115, 134945.0, 3500, 2300, 214),
(1280.192115999991, 116, 134945.0, 3500, 2300, 215),
(1289.37079299998, 117, 134945.0, 3500, 2300, 216),
(1298.4786839999724, 118, 134945.0, 3500, 2300, 217),
(1316.9176650000154, 120, 134945.0, 3500, 2300, 219),
(1326.0543779999716, 121, 134945.0, 3500, 2300, 220),
(1335.2915190000203, 122, 134945.0, 3500, 2300, 221),
(1344.493439999991, 123, 134945.0, 3500, 2300, 222),
(1353.6597039999906, 124, 134945.0, 3500, 2300, 223),
(1390.45666299999, 127, 134945.0, 3500, 2300, 226),
(1399.649533000018, 128, 134945.0, 3500, 2300, 227),
(1418.251713000005, 130, 134945.0, 3500, 2300, 229),
(1437.138220999972, 131, 134945.0, 3500, 2300, 230),
(1446.6563109999988, 132, 134945.0, 3500, 2300, 231),
(1456.124507999979, 133, 134945.0, 3500, 2300, 232),
(1465.5643360000104, 134, 134949.0, 3500, 2300, 233),
(1475.0993250000174, 135, 134959.0, 3500, 2300, 234),
(1484.7071870000218, 136, 134942.0, 3500, 2300, 235),
(1494.197594999976, 137, 135185.0, 3500, 2300, 236),
(1503.7031519999728, 138, 134946.0, 3500, 2300, 237),
(1513.261009000009, 139, 134946.0, 3500, 2300, 238),
(1522.7542489999905, 140, 134945.0, 3500, 2300, 239),
(1532.4247190000024, 141, 134945.0, 3500, 2300, 240),
(1541.934498000017, 142, 134945.0, 3500, 2300, 241),
(1551.3906779999961, 143, 134948.0, 3500, 2300, 242),
(1570.4973769999924, 145, 134945.0, 3500, 2300, 244),
(1579.9467430000077, 146, 134945.0, 3500, 2300, 245),
(1589.4603479999932, 147, 134945.0, 3500, 2300, 246),
(1618.1482879999676, 150, 134945.0, 3500, 2300, 249),
(1637.1206760000205, 151, 134945.0, 3500, 2300, 250),
(1646.6344009999884, 152, 134945.0, 3500, 2300, 251),
(1675.2426149999956, 155, 134945.0, 3500, 2300, 254),
(1703.7661199999857, 157, 134946.0, 3500, 2300, 256),
(1713.4129010000033, 158, 134945.0, 3500, 2300, 257),
(1722.8980289999745, 159, 134945.0, 3500, 2300, 258),
(1732.4133620000212, 160, 134945.0, 3500, 2300, 259),
(1770.33954299998, 163, 134943.0, 3500, 2300, 262),
(1779.7736039999872, 164, 134945.0, 3500, 2300, 263),
(1789.2736419999856, 165, 134945.0, 3500, 2300, 264),
(1798.7676099999808, 166, 134963.0, 3500, 2300, 265),
(1808.225105999969, 167, 134945.0, 3500, 2300, 266),
(1817.6861159999971, 168, 134946.0, 3500, 2300, 267),
(1827.1720530000166, 169, 134946.0, 3500, 2300, 268),
(1836.762641999987, 170, 134945.0, 3500, 2300, 269),
(1846.3256759999786, 171, 134945.0, 3500, 2300, 270),
(1865.448740999971, 173, 134945.0, 3500, 2300, 272),
(1903.705449000001, 176, 134945.0, 3500, 2300, 275),
