(0.0, 1, 494352.0, 3500, 2300, 494105),
(9.725035000010394, 2, 494352.0, 3500, 2300, 494106),
(19.54034300002968, 3, 494344.0, 3500, 2300, 494107),
(29.292970000009518, 4, 494352.0, 3500, 2300, 494108),
(38.991892000020016, 5, 494351.0, 3500, 2300, 494109),
(48.75206899998011, 6, 494352.0, 3500, 2300, 494110),
(58.57419700000901, 7, 494352.0, 3500, 2300, 494111),
(78.21048599999631, 9, 494352.0, 3500, 2300, 494113),
(88.13872500002617, 10, 494352.0, 3500, 2300, 494114),
(98.05719000002136, 11, 494352.0, 3500, 2300, 494115),
(107.82932700001402, 12, 494352.0, 3500, 2300, 494116),
(117.57565100002103, 13, 494352.0, 3500, 2300, 494117),
(127.38579799997387, 14, 494351.0, 3500, 2300, 494118),
(137.17053100001067, 15, 494517.0, 3500, 2300, 494119),
(146.87864200002514, 16, 494519.0, 3500, 2300, 494120),
(166.39899800001876, 18, 494352.0, 3500, 2300, 494122),
(176.14976000000024, 19, 494351.0, 3500, 2300, 494123),
(186.061388000031, 20, 494352.0, 3500, 2300, 494124),
(196.0369720000308, 21, 494520.0, 3500, 2300, 494125),
(205.9096370000043, 22, 494352.0, 3500, 2300, 494126),
(215.77937800000655, 23, 494351.0, 3500, 2300, 494127),
(225.6598370000138, 24, 494397.0, 3500, 2300, 494128),
(235.64092600002186, 25, 494351.0, 3500, 2300, 494129),
(245.64675800001714, 26, 494352.0, 3500, 2300, 494130),
(255.587211999984, 27, 494351.0, 3500, 2300, 494131),
(265.3818469999824, 28, 494351.0, 3500, 2300, 494132),
(275.1848079999909, 29, 494351.0, 3500, 2300, 494133),
(285.00847699999576, 30, 494351.0, 3500, 2300, 494134),
(294.8068649999914, 31, 494452.0, 3500, 2300, 494135),
(304.6187209999771, 32, 494370.0, 3500, 2300, 494136),
(314.4462530000019, 33, 494352.0, 3500, 2300, 494137),
(324.2667220000294, 34, 494429.0, 3500, 2300, 494138),
(334.0837450000108, 35, 494352.0, 3500, 2300, 494139),
(343.95454499998596, 36, 494351.0, 3500, 2300, 494140),
(353.73177000001306, 37, 494344.0, 3500, 2300, 494141),
(363.5587069999892, 38, 494352.0, 3500, 2300, 494142),
(373.36375900002895, 39, 494352.0, 3500, 2300, 494143),
(383.13901300000725, 40, 494352.0, 3500, 2300, 494144),
(392.9303170000203, 41, 494352.0, 3500, 2300, 494145),
(402.7439579999773, 42, 494586.0, 3500, 2300, 494106),
(412.5424590000184, 43, 494352.0, 3500, 2300, 494107),
(422.3296720000217, 44, 494352.0, 3500, 2300, 494108),
(432.0712240000139, 45, 494352.0, 3500, 2300, 494109),
(441.8731179999886, 46, 494352.0, 3500, 2300, 494110),
(461.51048599998467, 48, 494352.0, 3500, 2300, 494112),
(480.9392130000051, 49, 494352.0, 3500, 2300, 494113),
(490.70367800001986, 50, 494352.0, 3500, 2300, 494114),
(510.43384299997706, 52, 494515.0, 3500, 2300, 494116),
(529.9716589999734, 53, 494351.0, 3500, 2300, 494117),
(539.7568109999993, 54, 494352.0, 3500, 2300, 494118),
(549.5376549999928, 55, 494351.0, 3500, 2300, 494119),
(559.3887470000191, 56, 494519.0, 3500, 2300, 494120),
(569.1532420000294, 57, 494352.0, 3500, 2300, 494121),
(578.9386219999869, 58, 494351.0, 3500, 2300, 494122),
(588.6473940000287, 59, 494352.0, 3500, 2300, 494123),
(598.3904009999824, 60, 494351.0, 3500, 2300, 494124),
(608.0761330000241, 61, 494520.0, 3500, 2300, 494125),
(617.7899990000296, 62, 494351.0, 3500, 2300, 494126),
(627.5009239999927, 63, 494352.0, 3500, 2300, 494127),
(637.2414800000261, 64, 494397.0, 3500, 2300, 494128),
(646.9553300000262, 65, 494352.0, 3500, 2300, 494129),
(656.7073400000227, 66, 494352.0, 3500, 2300, 494130),
(666.4348860000027, 67, 494352.0, 3500, 2300, 494131),
(676.1955360000138, 68, 494351.0, 3500, 2300, 494132),
(685.9848099999945, 69, 494325.0, 3500, 2300, 494133),
(695.7175869999919, 70, 494351.0, 3500, 2300, 494134),
(705.444972999976, 71, 494352.0, 3500, 2300, 494135),
(715.1750100000063, 72, 494370.0, 3500, 2300, 494136),
(724.9190390000003, 73, 494351.0, 3500, 2300, 494137),
(744.4495430000243, 75, 494352.0, 3500, 2300, 494139),
(754.2384420000017, 76, 494351.0, 3500, 2300, 494140),
(763.9703839999856, 77, 494351.0, 3500, 2300, 494141),
(783.7561049999786, 79, 494385.0, 3500, 2300, 494143),
(803.2052070000209, 80, 494352.0, 3500, 2300, 494144),
(812.9257150000194, 81, 494454.0, 3500, 2300, 494145),
(822.6829889999935, 82, 494509.0, 3500, 2300, 494106),
(832.4258810000028, 83, 494344.0, 3500, 2300, 494107),
(842.1688619999913, 84, 494351.0, 3500, 2300, 494108),
(851.9253850000096, 85, 494351.0, 3500, 2300, 494109),
(861.6611259999918, 86, 494344.0, 3500, 2300, 494110),
(871.3815809999942, 87, 494352.0, 3500, 2300, 494111),
(881.1325030000298, 88, 494495.0, 3500, 2300, 494112),
(890.9482580000185, 89, 494351.0, 3500, 2300, 494113),
(900.6804499999853, 90, 494351.0, 3500, 2300, 494114),
(910.4315170000191, 91, 494494.0, 3500, 2300, 494115),
(920.1900800000294, 92, 494352.0, 3500, 2300, 494116),
(929.9270109999925, 93, 494351.0, 3500, 2300, 494117),
(939.6528130000224, 94, 494351.0, 3500, 2300, 494118),
(949.5088320000214, 95, 494517.0, 3500, 2300, 494119),
(959.2323539999779, 96, 494352.0, 3500, 2300, 494120),
(968.9698179999832, 97, 494520.0, 3500, 2300, 494121),
(978.7372079999768, 98, 494351.0, 3500, 2300, 494122),
(988.4595160000026, 99, 494352.0, 3500, 2300, 494123),
(998.1862320000073, 100, 494352.0, 3500, 2300, 494124),
(1007.908815999981, 101, 494352.0, 3500, 2300, 494125),
(1017.6452409999911, 102, 494351.0, 3500, 2300, 494126),
(1027.3889109999873, 103, 494352.0, 3500, 2300, 494127),
(1037.1192140000057, 104, 494397.0, 3500, 2300, 494128),
(1047.2228229999891, 105, 494352.0, 3500, 2300, 494129),
(1057.065934000013, 106, 494351.0, 3500, 2300, 494130),
(1076.8536689999746, 108, 494351.0, 3500, 2300, 494132),
(1096.3570019999752, 109, 494352.0, 3500, 2300, 494133),
(1106.1852109999745, 110, 494351.0, 3500, 2300, 494134),
(1116.0694370000274, 111, 494352.0, 3500, 2300, 494135),
(1125.8665199999814, 112, 494352.0, 3500, 2300, 494136),
(1135.699679000012, 113, 494352.0, 3500, 2300, 494137),
(1145.5174659999902, 114, 494352.0, 3500, 2300, 494138),
(1155.363451000012, 115, 494352.0, 3500, 2300, 494139),
(1165.2007999999914, 116, 494351.0, 3500, 2300, 494140),
(1174.9725650000037, 117, 494428.0, 3500, 2300, 494141),
(1184.780380000011, 118, 494352.0, 3500, 2300, 494142),
(1204.4054950000136, 120, 494351.0, 3500, 2300, 494144),
(1214.275697999983, 121, 494352.0, 3500, 2300, 494145),
(1224.0657200000132, 122, 494351.0, 3500, 2700, 494105),
(1234.0124499999802, 123, 494351.0, 3500, 2700, 494106),
(1243.8830629999866, 124, 494351.0, 3500, 2700, 494107),
(1253.6518209999776, 125, 494351.0, 3500, 2700, 494108),
(1263.4778100000112, 126, 494351.0, 3500, 2700, 494109),
(1273.2824610000243, 127, 494351.0, 3500, 2700, 494110),
(1283.1736600000295, 128, 494351.0, 3500, 2700, 494111),
(1293.0158459999948, 129, 494351.0, 3500, 2700, 494112),
(1302.8077349999803, 130, 494351.0, 3500, 2700, 494113),
(1312.6480970000266, 131, 494351.0, 3500, 2700, 494114),
(1322.4716640000115, 132, 494351.0, 3500, 2700, 494115),
(1332.4009979999973, 133, 494351.0, 3500, 2700, 494116),
(1342.2369659999968, 134, 494351.0, 3500, 2700, 494117),
(1351.991801999975, 135, 494351.0, 3500, 2700, 494118),
(1361.7978030000231, 136, 494351.0, 3500, 2700, 494119),
(1371.5735710000154, 137, 494351.0, 3500, 2700, 494120),
(1381.4556340000127, 138, 494351.0, 3500, 2700, 494121),
(1391.2818400000106, 139, 494351.0, 3500, 2700, 494122),
(1401.123080999998, 140, 494351.0, 3500, 2700, 494123),
(1410.995264999976, 141, 494351.0, 3500, 2700, 494124),
(1420.8647980000242, 142, 494351.0, 3500, 2700, 494125),
(1430.7155209999764, 143, 494351.0, 3500, 2700, 494126),
(1440.5348920000251, 144, 494351.0, 3500, 2700, 494127),
(1450.3748430000269, 145, 494351.0, 3500, 2700, 494128),
(1460.860772999993, 146, 494351.0, 3500, 2700, 494129),
(1470.7544720000005, 147, 494351.0, 3500, 2700, 494130),
(1480.614824999997, 148, 494351.0, 3500, 2700, 494131),
(1490.5803549999837, 149, 494351.0, 3500, 2700, 494132),
(1500.4007349999738, 150, 494351.0, 3500, 2700, 494133),
(1510.1218000000226, 151, 494351.0, 3500, 2700, 494134),
(1519.8962090000277, 152, 494351.0, 3500, 2700, 494135),
(1529.7450819999794, 153, 494351.0, 3500, 2700, 494136),
(1539.5607350000064, 154, 494351.0, 3500, 2700, 494137),
(1549.4478119999985, 155, 494351.0, 3500, 2700, 494138),
(1559.1622690000222, 156, 494351.0, 3500, 2700, 494139),
(1568.9944859999814, 157, 494351.0, 3500, 2700, 494140),
(1578.9369810000062, 158, 494351.0, 3500, 2700, 494141),
(1588.8552209999762, 159, 494351.0, 3500, 2700, 494142),
(1598.7437999999966, 160, 494351.0, 3500, 2700, 494143),
(1608.7137879999937, 161, 494351.0, 3500, 2700, 494144),
(1618.5055179999908, 162, 494351.0, 3500, 2700, 494145),
(1628.4120809999877, 163, 494351.0, 3500, 2700, 494106),
(1638.19138199999, 164, 494351.0, 3500, 2700, 494107),
(1647.9970329999924, 165, 494351.0, 3500, 2700, 494108),
(1657.7879919999978, 166, 494351.0, 3500, 2700, 494109),
(1667.5384569999878, 167, 494351.0, 3500, 2700, 494110),
(1677.3577279999736, 168, 494351.0, 3500, 2700, 494111),
(1687.286671000009, 169, 494351.0, 3500, 2700, 494112),
(1697.1564420000068, 170, 494351.0, 3500, 2700, 494113),
(1707.0094299999764, 171, 494351.0, 3500, 2700, 494114),
(1716.803643000021, 172, 494351.0, 3500, 2700, 494115),
(1726.5717319999821, 173, 494351.0, 3500, 2700, 494116),
(1736.3532799999812, 174, 494351.0, 3500, 2700, 494117),
(1746.114888000011, 175, 494351.0, 3500, 2700, 494118),
(1755.9672579999897, 176, 494351.0, 3500, 2700, 494119),
(1765.8269190000137, 177, 494351.0, 3500, 2700, 494120),
(1775.5929059999762, 178, 494351.0, 3500, 2700, 494121),
(1785.3896599999862, 179, 494351.0, 3500, 2700, 494122),
(1795.1964450000087, 180, 494351.0, 3500, 2700, 494123),
(1804.9878700000118, 181, 494351.0, 3500, 2700, 494124),
(1814.746622000006, 182, 494351.0, 3500, 2700, 494125),
(1824.5260540000163, 183, 494351.0, 3500, 2700, 494126),
(1834.2994499999913, 184, 494351.0, 3500, 2700, 494127),
(1844.1214950000285, 185, 494351.0, 3500, 2700, 494128),
(1853.892601999978, 186, 494351.0, 3500, 2700, 494129),
(1863.678396000003, 187, 494351.0, 3500, 2700, 494130),
(1873.4195290000062, 188, 494351.0, 3500, 2700, 494131),
(1883.186361, 189, 494351.0, 3500, 2700, 494132),
(1892.9601269999985, 190, 494351.0, 3500, 2700, 494133),
(1902.7293240000145, 191, 494351.0, 3500, 2700, 494134),
(1912.468853999977, 192, 494351.0, 3500, 2700, 494135),
(1922.2081849999959, 193, 494351.0, 3500, 2700, 494136),
(1931.9020449999953, 194, 494351.0, 3500, 2700, 494137),
(1941.6489290000172, 195, 494351.0, 3500, 2700, 494138),
(1951.3076690000016, 196, 494351.0, 3500, 2700, 494139),
(1961.030952000001, 197, 494351.0, 3500, 2700, 494140),
(1970.7478729999857, 198, 494351.0, 3500, 2700, 494141),
(1980.5168190000113, 199, 494351.0, 3500, 2700, 494142),
(1990.269588999974, 200, 494351.0, 3500, 2700, 494143),
(2000.0371569999843, 201, 494351.0, 3500, 2700, 494144),
(2009.8074309999938, 202, 494351.0, 3500, 2700, 494145),
(2019.7431000000215, 203, 494351.0, 3500, 2700, 494106),
(2029.9153240000014, 204, 494351.0, 3500, 2700, 494107),
(2039.9104069999885, 205, 494351.0, 3500, 2700, 494108),
(2049.864132000017, 206, 494351.0, 3500, 2700, 494109),
(2059.930120999983, 207, 494351.0, 3500, 2700, 494110),
(2069.7256990000024, 208, 494351.0, 3500, 2700, 494111),
(2079.5867730000173, 209, 494351.0, 3500, 2700, 494112),
(2089.459742999985, 210, 494351.0, 3500, 2700, 494113),
(2099.2434539999813, 211, 494351.0, 3500, 2700, 494114),
(2109.1005390000064, 212, 494351.0, 3500, 2700, 494115),
(2118.8968660000246, 213, 494351.0, 3500, 2700, 494116),
(2128.7360360000166, 214, 494351.0, 3500, 2700, 494117),
(2138.5066549999756, 215, 494351.0, 3500, 2700, 494118),
(2148.2931639999733, 216, 494351.0, 3500, 2700, 494119),
(2158.053218999994, 217, 494351.0, 3500, 2700, 494120),
(2167.7538710000226, 218, 494351.0, 3500, 2700, 494121),
(2177.5396290000062, 219, 494351.0, 3500, 2700, 494122),
(2187.373215999978, 220, 494351.0, 3500, 2700, 494123),
(2197.0916970000253, 221, 494351.0, 3500, 2700, 494124),
(2206.8328830000246, 222, 494351.0, 3500, 2700, 494125),
(2216.579735999985, 223, 494351.0, 3500, 2700, 494126),
(2226.336945999996, 224, 494351.0, 3500, 2700, 494127),
(2236.0665920000174, 225, 494351.0, 3500, 2700, 494128),
(2245.845672000025, 226, 494351.0, 3500, 2700, 494129),
(2255.713810999994, 227, 494351.0, 3500, 2700, 494130),
(2265.4319060000125, 228, 494351.0, 3500, 2700, 494131),
(2275.1478820000193, 229, 494351.0, 3500, 2700, 494132),
(2284.910557999974, 230, 494351.0, 3500, 2700, 494133),
(2294.667472000001, 231, 494351.0, 3500, 2700, 494134),
(2304.4367910000146, 232, 494351.0, 3500, 2700, 494135),
(2314.202233000018, 233, 494351.0, 3500, 2700, 494136),
(2323.8960180000286, 234, 494351.0, 3500, 2700, 494137),
(2333.6339039999875, 235, 494351.0, 3500, 2700, 494138),
(2343.4049859999795, 236, 494351.0, 3500, 2700, 494139),
(2353.186647000024, 237, 494351.0, 3500, 2700, 494140),
(2362.9666500000167, 238, 494351.0, 3500, 2700, 494141),
(2372.752231999999, 239, 494351.0, 3500, 2700, 494142),
(2382.4572119999793, 240, 494351.0, 3500, 2700, 494143),
(2392.1690919999965, 241, 494351.0, 3500, 2700, 494144),
(2401.9340850000153, 242, 494351.0, 3500, 2700, 494145),
(2411.685648999992, 243, 494351.0, 3500, 3100, 494105),
(2421.4526750000077, 244, 494351.0, 3500, 3100, 494106),
(2431.2349549999926, 245, 494351.0, 3500, 3100, 494107),
(2440.9725900000194, 246, 494351.0, 3500, 3100, 494108),
(2450.695898999984, 247, 494351.0, 3500, 3100, 494109),
(2460.3971330000204, 248, 494351.0, 3500, 3100, 494110),
(2470.1451399999787, 249, 494351.0, 3500, 3100, 494111),
(2479.889326000004, 250, 494351.0, 3500, 3100, 494112),
(2489.675546000013, 251, 494351.0, 3500, 3100, 494113),
(2499.3783309999853, 252, 494351.0, 3500, 3100, 494114),
(2509.2273239999777, 253, 494351.0, 3500, 3100, 494115),
(2518.9945869999938, 254, 494351.0, 3500, 3100, 494116),
(2528.718883000023, 255, 494351.0, 3500, 3100, 494117),
(2538.482363999996, 256, 494351.0, 3500, 3100, 494118),
(2548.2202810000163, 257, 494351.0, 3500, 3100, 494119),
(2557.9257019999786, 258, 494351.0, 3500, 3100, 494120),
(2567.700201999978, 259, 494351.0, 3500, 3100, 494121),
(2577.4756279999856, 260, 494351.0, 3500, 3100, 494122),
(2587.2162510000053, 261, 494351.0, 3500, 3100, 494123),
(2597.024725999974, 262, 494351.0, 3500, 3100, 494124),
(2606.729038999998, 263, 494351.0, 3500, 3100, 494125),
(2616.4778989999904, 264, 494351.0, 3500, 3100, 494126),
(2626.254168000014, 265, 494351.0, 3500, 3100, 494127),
(2635.9884229999734, 266, 494351.0, 3500, 3100, 494128),
(2645.7246589999995, 267, 494351.0, 3500, 3100, 494129),
(2655.457364000031, 268, 494351.0, 3500, 3100, 494130),
(2665.264152000018, 269, 494351.0, 3500, 3100, 494131),
(2674.9822879999992, 270, 494351.0, 3500, 3100, 494132),
(2684.702134000021, 271, 494351.0, 3500, 3100, 494133),
(2694.4329039999866, 272, 494351.0, 3500, 3100, 494134),
(2704.139557000017, 273, 494351.0, 3500, 3100, 494135),
(2714.0778999999748, 274, 494351.0, 3500, 3100, 494136),
(2723.789598000003, 275, 494351.0, 3500, 3100, 494137),
(2733.5451749999775, 276, 494351.0, 3500, 3100, 494138),
(2743.311869999976, 277, 494351.0, 3500, 3100, 494139),
(2753.1363349999883, 278, 494351.0, 3500, 3100, 494140),
(2762.9010930000222, 279, 494351.0, 3500, 3100, 494141),
(2772.7376379999914, 280, 494351.0, 3500, 3100, 494142),
(2782.827581999998, 281, 494351.0, 3500, 3100, 494143),
(2792.8405040000216, 282, 494351.0, 3500, 3100, 494144),
(2802.652868999983, 283, 494351.0, 3500, 3100, 494145),
(2812.4414610000094, 284, 494351.0, 3500, 3100, 494106),
(2822.4817659999826, 285, 494351.0, 3500, 3100, 494107),
(2832.2630510000163, 286, 494351.0, 3500, 3100, 494108),
(2841.970601000008, 287, 494351.0, 3500, 3100, 494109),
(2851.7761550000287, 288, 494351.0, 3500, 3100, 494110),
(2861.540985999978, 289, 494351.0, 3500, 3100, 494111),
(2871.268449999974, 290, 494351.0, 3500, 3100, 494112),
(2881.0839840000262, 291, 494351.0, 3500, 3100, 494113),
(2890.8874269999797, 292, 494351.0, 3500, 3100, 494114),
(2900.68109800003, 293, 494351.0, 3500, 3100, 494115),
(2910.357750999974, 294, 494351.0, 3500, 3100, 494116),
(2920.0930769999977, 295, 494351.0, 3500, 3100, 494117),
(2929.9236670000246, 296, 494351.0, 3500, 3100, 494118),
(2939.688706999994, 297, 494351.0, 3500, 3100, 494119),
(2949.442073000013, 298, 494351.0, 3500, 3100, 494120),
(2959.264390999975, 299, 494351.0, 3500, 3100, 494121),
(2968.95243200002, 300, 494351.0, 3500, 3100, 494122),
(2978.678641000006, 301, 494351.0, 3500, 3100, 494123),
(2988.4321950000012, 302, 494351.0, 3500, 3100, 494124),
(2998.172137000016, 303, 494351.0, 3500, 3100, 494125),
(3007.9171779999742, 304, 494351.0, 3500, 3100, 494126),
(3017.7468169999775, 305, 494351.0, 3500, 3100, 494127),
(3027.500354000018, 306, 494351.0, 3500, 3100, 494128),
(3037.2109749999945, 307, 494351.0, 3500, 3100, 494129),
(3046.9537760000094, 308, 494351.0, 3500, 3100, 494130),
(3056.6659639999853, 309, 494351.0, 3500, 3100, 494131),
(3066.428541000001, 310, 494351.0, 3500, 3100, 494132),
(3076.1572489999817, 311, 494351.0, 3500, 3100, 494133),
(3085.9605580000207, 312, 494351.0, 3500, 3100, 494134),
(3095.695532999991, 313, 494351.0, 3500, 3100, 494135),
(3105.4784869999858, 314, 494351.0, 3500, 3100, 494136),
(3115.243553999986, 315, 494351.0, 3500, 3100, 494137),
(3125.0124339999747, 316, 494351.0, 3500, 3100, 494138),
(3134.7741539999843, 317, 494351.0, 3500, 3100, 494139),
(3144.522485000023, 318, 494351.0, 3500, 3100, 494140),
(3154.3047980000265, 319, 494351.0, 3500, 3100, 494141),
(3164.082897000015, 320, 494351.0, 3500, 3100, 494142),
(3173.8680949999834, 321, 494351.0, 3500, 3100, 494143),
(3183.608867999981, 322, 494351.0, 3500, 3100, 494144),
(3193.3850139999995, 323, 494351.0, 3500, 3100, 494145),
(3203.1269660000107, 324, 494351.0, 3500, 3100, 494106),
(3212.930685999978, 325, 494351.0, 3500, 3100, 494107),
(3222.7741900000256, 326, 494351.0, 3500, 3100, 494108),
(3232.523685000022, 327, 494351.0, 3500, 3100, 494109),
(3242.3388489999925, 328, 494351.0, 3500, 3100, 494110),
(3252.0820229999954, 329, 494351.0, 3500, 3100, 494111),
(3261.799677999981, 330, 494351.0, 3500, 3100, 494112),
(3271.547981999989, 331, 494351.0, 3500, 3100, 494113),
(3281.305211000028, 332, 494351.0, 3500, 3100, 494114),
(3291.06251399999, 333, 494351.0, 3500, 3100, 494115),
(3300.813146999979, 334, 494351.0, 3500, 3100, 494116),
(3310.546776000003, 335, 494351.0, 3500, 3100, 494117),
(3320.3099839999923, 336, 494351.0, 3500, 3100, 494118),
(3330.0666719999863, 337, 494351.0, 3500, 3100, 494119),
(3339.83186700003, 338, 494351.0, 3500, 3100, 494120),
(3349.5924399999785, 339, 494351.0, 3500, 3100, 494121),
(3359.341497000016, 340, 494351.0, 3500, 3100, 494122),
