(68.23170299999765, 1456, 52623.0, 3500, 2300, 115),
(68.61151600000449, 1464, 48722.0, 3500, 2300, 123),
(68.66951600000903, 1465, 837770.5, 3500, 2300, 124),
(68.80953600000066, 1466, 982282.25, 3500, 2300, 125),
(76.58139600000868, 1473, 872857.0, 3500, 2300, 132),
(76.73087700000906, 1474, 1013621.5, 3500, 2300, 133),
(84.84942199999932, 1488, 23965.0, 3500, 2300, 147),
(85.60123400000157, 1503, 26574.0, 3500, 2300, 122),
(85.72687900000892, 1505, 48705.0, 3500, 2300, 124),
(86.2142509999976, 1516, 22433.0, 3500, 2300, 135),
(86.27284200000577, 1517, 99985.0, 3500, 2300, 136),
(86.34202700000606, 1518, 343315.5, 3500, 2300, 137),
(86.41980600000534, 1519, 461367.25, 3500, 2300, 138),
(94.4335460000002, 1531, 24357.0, 3500, 2300, 150),
(94.53911399999924, 1533, 24357.0, 3500, 2300, 152),
(94.95703000000503, 1542, 26573.0, 3500, 2300, 121),
(95.06290900000022, 1544, 26573.0, 3500, 2300, 123),
(95.18016400000488, 1546, 26573.0, 3500, 2300, 125),
(95.49577999999747, 1552, 26573.0, 3500, 2300, 131),
(95.8804070000042, 1559, 157637.0, 3500, 2300, 138),
(95.94623200000206, 1560, 530.0, 3500, 2300, 139),
(96.06744300000719, 1562, 24047.0, 3500, 2300, 141),
(153.18679300000076, 2785, 26574.0, 3900, 2400, 113),
(153.2960940000048, 2787, 26574.0, 3900, 2400, 115),
(153.4119139999966, 2789, 26574.0, 3900, 2400, 117),
(153.63169900000503, 2793, 26573.0, 3900, 2400, 121),
(153.74455899999884, 2795, 26573.0, 3900, 2400, 123),
(153.86179500000435, 2797, 26573.0, 3900, 2400, 125),
(153.97816300000704, 2799, 26573.0, 3900, 2400, 127),
(154.10373299999628, 2801, 26573.0, 3900, 2400, 129),
(154.22789900000498, 2803, 26573.0, 3900, 2400, 131),
(154.34331199999724, 2805, 26574.0, 3900, 2400, 133),
(154.65812700000242, 2811, 22741.0, 3900, 2400, 139),
(154.7781879999966, 2813, 22741.0, 3900, 2400, 141),
(155.16374099999666, 2821, 26325.0, 3900, 2400, 149),
(155.27878999999666, 2823, 23716.0, 3900, 2400, 151),
(155.39842100000533, 2825, 26574.0, 3900, 2400, 113),
(155.53349000000162, 2827, 26574.0, 3900, 2400, 115),
(155.66138299999875, 2829, 26574.0, 3900, 2400, 117),
(155.86310899999808, 2833, 26573.0, 3900, 2400, 121),
(155.987546999997, 2835, 26573.0, 3900, 2400, 123),
(156.10541699999885, 2837, 26573.0, 3900, 2400, 125),
(156.21186199999647, 2839, 26573.0, 3900, 2400, 127),
(156.31862800000818, 2841, 26573.0, 3900, 2400, 129),
(156.42965400000685, 2843, 26573.0, 3900, 2400, 131),
(156.53647800000908, 2845, 26574.0, 3900, 2400, 133),
(156.81365700000606, 2851, 22723.0, 3900, 2400, 139),
(156.92693499999586, 2853, 22723.0, 3900, 2400, 141),
(157.3506650000054, 2861, 26325.0, 3900, 2400, 149),
(157.46683600000688, 2863, 23716.0, 3900, 2400, 151),
(157.57769700000063, 2865, 26574.0, 3900, 2400, 113),
(157.67287199999555, 2867, 26574.0, 3900, 2400, 115),
(157.7761129999999, 2869, 26574.0, 3900, 2400, 117),
(158.01294300000882, 2873, 26573.0, 3900, 2400, 121),
(158.13069800000812, 2875, 26573.0, 3900, 2400, 123),
(158.2327099999966, 2877, 26573.0, 3900, 2400, 125),
(158.35005300000194, 2879, 26573.0, 3900, 2400, 127),
(158.45864399999846, 2881, 26573.0, 3900, 2400, 129),
(158.55629100000078, 2883, 26573.0, 3900, 2400, 131),
(158.6664630000014, 2885, 26574.0, 3900, 2400, 133),
(158.9986179999978, 2891, 22741.0, 3900, 2400, 139),
(159.11821200000122, 2893, 22741.0, 3900, 2400, 141),
(159.56035899999551, 2901, 26325.0, 3900, 2400, 149),
(159.6778389999963, 2903, 23716.0, 3900, 2400, 151),
(159.8392359999998, 2906, 26574.0, 3900, 2800, 113),
(159.96016800000507, 2908, 26574.0, 3900, 2800, 115),
(160.0823539999983, 2910, 26574.0, 3900, 2800, 117),
(160.28931600000942, 2914, 26573.0, 3900, 2800, 121),
(160.40441800000553, 2916, 26573.0, 3900, 2800, 123),
(160.5233109999972, 2918, 26573.0, 3900, 2800, 125),
(160.6407440000039, 2920, 26573.0, 3900, 2800, 127),
(160.7410729999974, 2922, 26573.0, 3900, 2800, 129),
(160.84747799999604, 2924, 26573.0, 3900, 2800, 131),
(160.9533059999958, 2926, 26574.0, 3900, 2800, 133),
(161.31338900000264, 2933, 0.0, 3900, 2800, 140),
(169.49968100000115, 2934, 22741.0, 3900, 2800, 141),
(169.8559249999962, 2942, 26325.0, 3900, 2800, 149),
(169.95894500000577, 2944, 23716.0, 3900, 2800, 151),
(170.06574000000546, 2946, 26574.0, 3900, 2800, 113),
(170.17616499999713, 2948, 26574.0, 3900, 2800, 115),
(170.28195200000482, 2950, 26574.0, 3900, 2800, 117),
(170.49311199999647, 2954, 26573.0, 3900, 2800, 121),
(170.59790999999677, 2956, 26573.0, 3900, 2800, 123),
(170.70731300000625, 2958, 26573.0, 3900, 2800, 125),
(170.8163579999964, 2960, 26573.0, 3900, 2800, 127),
(170.9667530000006, 2962, 26573.0, 3900, 2800, 129),
(171.07909800000198, 2964, 26573.0, 3900, 2800, 131),
(171.1888120000076, 2966, 26574.0, 3900, 2800, 133),
(171.45635400000901, 2972, 22723.0, 3900, 2800, 139),
(171.56364700000267, 2974, 22723.0, 3900, 2800, 141),
(171.9827040000091, 2982, 26325.0, 3900, 2800, 149),
(172.10952900000848, 2984, 23716.0, 3900, 2800, 151),
(172.2215450000076, 2986, 26574.0, 3900, 2800, 113),
(172.33687400000053, 2988, 26574.0, 3900, 2800, 115),
(172.47197400000005, 2990, 26574.0, 3900, 2800, 117),
(172.71984400000656, 2994, 26573.0, 3900, 2800, 121),
(172.82651100000658, 2996, 26573.0, 3900, 2800, 123),
(172.93147700000554, 2998, 26573.0, 3900, 2800, 125),
(173.04911500000162, 3000, 26573.0, 3900, 2800, 127),
(173.16960900000413, 3002, 26573.0, 3900, 2800, 129),
(173.28173299999617, 3004, 26573.0, 3900, 2800, 131),
(173.39572800000315, 3006, 26574.0, 3900, 2800, 133),
(173.6866560000053, 3012, 22741.0, 3900, 2800, 139),
(173.79224700000486, 3014, 22741.0, 3900, 2800, 141),
(174.23116700000537, 3022, 26325.0, 3900, 2800, 149),
(174.35710599999584, 3024, 26325.0, 3900, 2800, 151),
(185.81740600000194, 3269, 26574.0, 3900, 2400, 113),
(185.91823700000532, 3271, 26574.0, 3900, 2400, 115),
(186.09200400000555, 3273, 26574.0, 3900, 2400, 117),
(186.26663900000858, 3277, 26573.0, 3900, 2400, 121),
(186.35902499999793, 3279, 26573.0, 3900, 2400, 123),
(186.45768200000748, 3281, 26573.0, 3900, 2400, 125),
(186.54967300000135, 3283, 26573.0, 3900, 2400, 127),
(186.64167799999996, 3285, 26573.0, 3900, 2400, 129),
(186.73750099999597, 3287, 26573.0, 3900, 2400, 131),
(186.83815900000627, 3289, 26574.0, 3900, 2400, 133),
(187.09278300000005, 3295, 22723.0, 3900, 2400, 139),
(187.1867360000033, 3297, 22723.0, 3900, 2400, 141),
(187.52923400000145, 3305, 26325.0, 3900, 2400, 149),
(187.62536900000123, 3307, 23716.0, 3900, 2400, 151),
(187.72691399999894, 3309, 26574.0, 3900, 2400, 113),
(187.8277700000035, 3311, 26574.0, 3900, 2400, 115),
(187.94954100000905, 3313, 26574.0, 3900, 2400, 117),
(188.1872580000054, 3317, 26573.0, 3900, 2400, 121),
(188.32197299999825, 3319, 26573.0, 3900, 2400, 123),
(188.45428299999912, 3321, 26573.0, 3900, 2400, 125),
(188.55895600000804, 3323, 26573.0, 3900, 2400, 127),
(188.66983600000094, 3325, 26573.0, 3900, 2400, 129),
(188.78256800000963, 3327, 26573.0, 3900, 2400, 131),
(188.90197000000626, 3329, 26574.0, 3900, 2400, 133),
(189.20087699999567, 3335, 22723.0, 3900, 2400, 139),
(189.32998199999565, 3337, 22723.0, 3900, 2400, 141),
(189.74727500000154, 3345, 26325.0, 3900, 2400, 149),
(189.87086500000441, 3347, 23716.0, 3900, 2400, 151),
(189.99005999999645, 3349, 26574.0, 3900, 2400, 113),
(190.11504299999797, 3351, 26574.0, 3900, 2400, 115),
(190.2277380000014, 3353, 26574.0, 3900, 2400, 117),
(190.45356399999582, 3357, 26573.0, 3900, 2400, 121),
(190.56382900000608, 3359, 26573.0, 3900, 2400, 123),
(190.6767600000021, 3361, 26573.0, 3900, 2400, 125),
(190.7881170000037, 3363, 26573.0, 3900, 2400, 127),
(190.89209400000982, 3365, 26573.0, 3900, 2400, 129),
(190.9996930000052, 3367, 26573.0, 3900, 2400, 131),
(191.12030300000333, 3369, 26574.0, 3900, 2400, 133),
(191.41690700000618, 3375, 22741.0, 3900, 2400, 139),
(191.54292600000917, 3377, 22741.0, 3900, 2400, 141),
(191.97825700000976, 3385, 26325.0, 3900, 2400, 149),
(192.09150500000396, 3387, 23716.0, 3900, 2400, 151),
(192.27013499999885, 3390, 26574.0, 3900, 2600, 113),
(192.38990999999805, 3392, 26574.0, 3900, 2600, 115),
(192.50299000000814, 3394, 26574.0, 3900, 2600, 117),
(192.71639600000344, 3398, 26573.0, 3900, 2600, 121),
(192.8573410000099, 3400, 26573.0, 3900, 2600, 123),
(192.96534000000975, 3402, 26573.0, 3900, 2600, 125),
(193.08349600000656, 3404, 26573.0, 3900, 2600, 127),
(193.19562199999928, 3406, 26573.0, 3900, 2600, 129),
(193.31043700000737, 3408, 26573.0, 3900, 2600, 131),
(193.42272200000298, 3410, 26574.0, 3900, 2600, 133),
(193.720358999999, 3416, 22723.0, 3900, 2600, 139),
(193.83211400000437, 3418, 22723.0, 3900, 2600, 141),
(194.23566500000015, 3426, 23716.0, 3900, 2600, 149),
(194.33690500000375, 3428, 23716.0, 3900, 2600, 151),
(194.43478500000492, 3430, 26574.0, 3900, 2600, 113),
(194.53510700000334, 3432, 26574.0, 3900, 2600, 115),
(194.63952700000664, 3434, 26574.0, 3900, 2600, 117),
(194.82245600000897, 3438, 26573.0, 3900, 2600, 121),
(194.92164400000183, 3440, 26573.0, 3900, 2600, 123),
(195.0166370000079, 3442, 26573.0, 3900, 2600, 125),
(195.1118060000008, 3444, 26573.0, 3900, 2600, 127),
(195.23324699999648, 3446, 26573.0, 3900, 2600, 129),
(195.33071900000505, 3448, 26573.0, 3900, 2600, 131),
(195.42504200000258, 3450, 26574.0, 3900, 2600, 133),
(195.68083100000513, 3456, 22741.0, 3900, 2600, 139),
(195.7776290000038, 3458, 22741.0, 3900, 2600, 141),
(196.11313900000823, 3466, 26325.0, 3900, 2600, 149),
(196.2107629999955, 3468, 23716.0, 3900, 2600, 151),
(196.30087900000217, 3470, 26574.0, 3900, 2600, 113),
(196.39361800000188, 3472, 26574.0, 3900, 2600, 115),
(196.4946340000024, 3474, 26574.0, 3900, 2600, 117),
(196.6628950000013, 3478, 26573.0, 3900, 2600, 121),
(196.7649800000072, 3480, 26573.0, 3900, 2600, 123),
(196.8629729999957, 3482, 26573.0, 3900, 2600, 125),
(196.96937500000058, 3484, 26573.0, 3900, 2600, 127),
(197.06598600000143, 3486, 26573.0, 3900, 2600, 129),
(197.16551900000195, 3488, 26573.0, 3900, 2600, 131),
(197.2627150000044, 3490, 26574.0, 3900, 2600, 133),
(197.51358100000652, 3496, 22723.0, 3900, 2600, 139),
(197.60730400000466, 3498, 22723.0, 3900, 2600, 141),
(197.9960640000063, 3506, 26325.0, 3900, 2600, 149),
(198.09515599999577, 3508, 23716.0, 3900, 2600, 151),
(198.24646799999755, 3511, 26574.0, 3900, 2800, 113),
(198.35420400000294, 3513, 26574.0, 3900, 2800, 115),
(198.46752600000764, 3515, 26574.0, 3900, 2800, 117),
(198.6428190000006, 3519, 26573.0, 3900, 2800, 121),
(198.7419200000004, 3521, 26573.0, 3900, 2800, 123),
(198.8443980000011, 3523, 26573.0, 3900, 2800, 125),
(198.93746899999678, 3525, 26573.0, 3900, 2800, 127),
(199.04123000000254, 3527, 26573.0, 3900, 2800, 129),
(199.14611899999727, 3529, 26573.0, 3900, 2800, 131),
(199.24092999999993, 3531, 26574.0, 3900, 2800, 133),
(199.54488600000332, 3538, 0.0, 3900, 2800, 140),
(207.83412400000088, 3539, 22723.0, 3900, 2800, 141),
(208.22065699999803, 3547, 26325.0, 3900, 2800, 149),
(208.33338700000604, 3549, 23716.0, 3900, 2800, 151),
(208.45191400000476, 3551, 26574.0, 3900, 2800, 113),
(208.55874200000835, 3553, 26574.0, 3900, 2800, 115),
(208.67026800000167, 3555, 26574.0, 3900, 2800, 117),
(208.8921810000029, 3559, 26573.0, 3900, 2800, 121),
(209.0073940000002, 3561, 26573.0, 3900, 2800, 123),
(209.13082099999883, 3563, 26573.0, 3900, 2800, 125),
(209.2619629999972, 3565, 26573.0, 3900, 2800, 127),
(209.37466100000893, 3567, 26573.0, 3900, 2800, 129),
(209.4889700000058, 3569, 26573.0, 3900, 2800, 131),
(209.6123840000073, 3571, 26574.0, 3900, 2800, 133),
(209.93499599999632, 3577, 22741.0, 3900, 2800, 139),
(210.04185200000938, 3579, 22741.0, 3900, 2800, 141),
(210.3803740000003, 3587, 26325.0, 3900, 2800, 149),
(210.48092400000314, 3589, 23716.0, 3900, 2800, 151),
(210.58784600000945, 3591, 26574.0, 3900, 2800, 113),
(210.7174410000007, 3593, 26574.0, 3900, 2800, 115),
(210.84663700000965, 3595, 26574.0, 3900, 2800, 117),
(211.04915200000687, 3599, 26573.0, 3900, 2800, 121),
(211.16922900000645, 3601, 26573.0, 3900, 2800, 123),
(211.30820300000778, 3603, 26573.0, 3900, 2800, 125),
(211.40300600000774, 3605, 26573.0, 3900, 2800, 127),
(211.4958370000095, 3607, 26573.0, 3900, 2800, 129),
(211.59772400000656, 3609, 26573.0, 3900, 2800, 131),
(211.6907050000009, 3611, 26574.0, 3900, 2800, 133),
(211.9860980000085, 3618, 0.0, 3900, 2800, 140),
(220.1342880000011, 3619, 22723.0, 3900, 2800, 141),
(220.49276100000134, 3627, 26325.0, 3900, 2800, 149),
(220.5900660000043, 3629, 23716.0, 3900, 2800, 151),
(220.73562600000878, 3632, 26574.0, 3900, 3000, 113),
(220.82917199999793, 3634, 26574.0, 3900, 3000, 115),
(221.32978600000206, 3646, 26573.0, 3900, 3000, 127),
(221.45362800000294, 3648, 26573.0, 3900, 3000, 129),
(222.58767400000943, 3672, 26574.0, 3900, 3000, 113),
(222.7109380000038, 3674, 26574.0, 3900, 3000, 115),
(223.29319199999736, 3686, 26573.0, 3900, 3000, 127),
(223.40864900000452, 3688, 26573.0, 3900, 3000, 129),
(224.55767700000433, 3712, 26574.0, 3900, 3000, 113),
(224.66382200000226, 3714, 26574.0, 3900, 3000, 115),
(225.19866399999592, 3726, 26573.0, 3900, 3000, 127),
(225.31862400000682, 3728, 26573.0, 3900, 3000, 129),
(232.0281970000069, 3874, 26574.0, 3900, 2100, 113),
(232.12570299999788, 3876, 26574.0, 3900, 2100, 115),
(232.6927330000035, 3888, 26573.0, 3900, 2100, 127),
(232.8033839999989, 3890, 26573.0, 3900, 2100, 129),
(234.0018459999992, 3914, 26574.0, 3900, 2100, 113),
(234.1051390000066, 3916, 26574.0, 3900, 2100, 115),
(234.6996700000018, 3928, 26573.0, 3900, 2100, 127),
(234.81394100000034, 3930, 26573.0, 3900, 2100, 129),
(235.9681189999974, 3954, 26574.0, 3900, 2100, 113),
(236.08859700000903, 3956, 26574.0, 3900, 2100, 115),
(236.64776500000153, 3968, 26573.0, 3900, 2100, 127),
(236.74390100000892, 3970, 26573.0, 3900, 2100, 129),
(243.90050800000608, 4119, 26575.0, 3900, 2300, 116),
(243.9733930000075, 4120, 26575.0, 3900, 2300, 117),
(244.15625200000068, 4124, 52620.0, 3900, 2300, 121),
(244.22060800000327, 4125, 26574.0, 3900, 2300, 122),
(244.39650099999562, 4128, 26573.0, 3900, 2300, 125),
(244.73581399999966, 4135, 877409.75, 3900, 2300, 132),
(244.88615400000708, 4136, 1016396.5, 3900, 2300, 133),
(252.67908400000306, 4140, 298771.5, 3900, 2300, 137),
(252.74520299999858, 4141, 418278.0, 3900, 2300, 138),
(260.5259020000085, 4146, 23717.0, 3900, 2300, 143),
(260.7850150000013, 4151, 28841.0, 3900, 2300, 148),
(260.88341900000523, 4152, 24357.0, 3900, 2300, 149),
(261.153581999999, 4158, 52624.0, 3900, 2300, 115),
(261.4393240000063, 4164, 52618.0, 3900, 2300, 121),
(261.49874000001, 4165, 887082.25, 3900, 2300, 122),
(261.6559050000069, 4166, 1053250.5, 3900, 2300, 123),
(261.6559050000069, 4166, 846993.75, 3900, 2300, 123),
(269.32667599999695, 4167, 980751.25, 3900, 2300, 124),
(277.2683110000071, 4176, 903195.25, 3900, 2300, 133),
(277.42979399999604, 4177, 1050469.75, 3900, 2300, 134),
(285.77187199999753, 4195, 26967.0, 3900, 2300, 152),
(286.03609900000447, 4200, 26575.0, 3900, 2300, 117),
(286.2490289999987, 4204, 26573.0, 3900, 2300, 121),
(286.34845900000073, 4206, 26573.0, 3900, 2300, 123),
(286.47739600000205, 4208, 26573.0, 3900, 2300, 125),
(286.7701059999963, 4214, 26574.0, 3900, 2300, 131),
(286.99646100000245, 4219, 910512.5, 3900, 2300, 136),
(287.14875900000334, 4220, 1050493.0, 3900, 2300, 137),
(295.09677800000645, 4227, 24027.0, 3900, 2300, 144),
(295.27081400000316, 4230, 23716.0, 3900, 2300, 147),
(295.54065199999604, 4235, 26967.0, 3900, 2300, 152),
(295.6607510000031, 4237, 26574.0, 3900, 2400, 113),
(295.77581200000714, 4239, 26574.0, 3900, 2400, 115),
(295.8984710000077, 4241, 26574.0, 3900, 2400, 117),
(296.11687900000834, 4245, 26573.0, 3900, 2400, 121),
(296.2485779999988, 4247, 26573.0, 3900, 2400, 123),
(296.3790680000093, 4249, 26573.0, 3900, 2400, 125),
(296.50988399999915, 4251, 26573.0, 3900, 2400, 127),
(296.63907299999846, 4253, 26573.0, 3900, 2400, 129),
(296.7618710000097, 4255, 26573.0, 3900, 2400, 131),
(296.8758840000082, 4257, 26574.0, 3900, 2400, 133),
(297.2030519999971, 4263, 22723.0, 3900, 2400, 139),
(297.3179880000098, 4265, 22723.0, 3900, 2400, 141),
(297.6904809999978, 4273, 26325.0, 3900, 2400, 149),
(297.7917779999989, 4275, 23716.0, 3900, 2400, 151),
(297.9126269999979, 4277, 26574.0, 3900, 2400, 113),
(298.01191200000176, 4279, 26574.0, 3900, 2400, 115),
(298.12553600000683, 4281, 26574.0, 3900, 2400, 117),
(298.35145600000396, 4285, 26573.0, 3900, 2400, 121),
(298.46091100000194, 4287, 26573.0, 3900, 2400, 123),
(298.5820410000015, 4289, 26573.0, 3900, 2400, 125),
(298.6892780000053, 4291, 26573.0, 3900, 2400, 127),
(298.81758600000467, 4293, 26573.0, 3900, 2400, 129),
(298.93950100000075, 4295, 26573.0, 3900, 2400, 131),
(299.0504970000038, 4297, 26574.0, 3900, 2400, 133),
(299.3555040000065, 4303, 22741.0, 3900, 2400, 139),
(299.4705180000019, 4305, 22741.0, 3900, 2400, 141),
(299.8847490000044, 4313, 26325.0, 3900, 2400, 149),
(299.9934349999967, 4315, 23716.0, 3900, 2400, 151),
(300.11756300000707, 4317, 26574.0, 3900, 2400, 113),
(300.23979400000826, 4319, 26574.0, 3900, 2400, 115),
(300.35713800000667, 4321, 26574.0, 3900, 2400, 117),
(300.5832780000055, 4325, 26573.0, 3900, 2400, 121),
(300.7074830000056, 4327, 26573.0, 3900, 2400, 123),
(300.8258029999997, 4329, 26573.0, 3900, 2400, 125),
(300.9363000000012, 4331, 26573.0, 3900, 2400, 127),
(301.04751699999906, 4333, 26573.0, 3900, 2400, 129),
(301.16052099999797, 4335, 26573.0, 3900, 2400, 131),
(301.2542490000051, 4337, 26574.0, 3900, 2400, 133),
(301.5822840000037, 4343, 22741.0, 3900, 2400, 139),
(301.72553999999946, 4345, 22741.0, 3900, 2400, 141),
(302.13068800000474, 4353, 26325.0, 3900, 2400, 149),
(302.25053099999786, 4355, 23716.0, 3900, 2400, 151),
(302.4106160000083, 4358, 26574.0, 3900, 2500, 113),
(302.5210250000091, 4360, 26574.0, 3900, 2500, 115),
(302.6343860000052, 4362, 26574.0, 3900, 2500, 117),
(302.84990899999684, 4366, 26573.0, 3900, 2500, 121),
(302.96476899999834, 4368, 26573.0, 3900, 2500, 123),
(303.073801999999, 4370, 26573.0, 3900, 2500, 125),
(303.20578699999896, 4372, 26573.0, 3900, 2500, 127),
(303.3383759999997, 4374, 26573.0, 3900, 2500, 129),
(303.46924600000784, 4376, 26573.0, 3900, 2500, 131),
(303.5827040000004, 4378, 26574.0, 3900, 2500, 133),
(303.86773600000015, 4384, 22723.0, 3900, 2500, 139),
(304.3410910000093, 4395, 23716.0, 3900, 2500, 150),
(304.51678200000606, 4398, 26574.0, 3900, 2500, 113),
(304.64270199999737, 4400, 26574.0, 3900, 2500, 115),
(304.7715889999963, 4402, 26574.0, 3900, 2500, 117),
(304.9965179999999, 4406, 26573.0, 3900, 2500, 121),
(305.107852000001, 4408, 48704.0, 3900, 2500, 123),
(305.2141450000054, 4410, 26573.0, 3900, 2500, 125),
(305.32455600000685, 4412, 26573.0, 3900, 2500, 127),
(305.43335600000864, 4414, 26573.0, 3900, 2500, 129),
(305.5485250000056, 4416, 26573.0, 3900, 2500, 131),
(305.93396100000245, 4424, 22723.0, 3900, 2500, 139),
(306.46519800000533, 4435, 23716.0, 3900, 2500, 150),
(306.6256910000084, 4438, 26574.0, 3900, 2500, 113),
(306.7321680000023, 4440, 26574.0, 3900, 2500, 115),
(306.84515200000897, 4442, 26574.0, 3900, 2500, 117),
(307.0467260000005, 4446, 26573.0, 3900, 2500, 121),
(307.16580899999826, 4448, 26573.0, 3900, 2500, 123),
(307.28881199999887, 4450, 26573.0, 3900, 2500, 125),
(307.40820600000734, 4452, 26573.0, 3900, 2500, 127),
(307.5262700000021, 4454, 26573.0, 3900, 2500, 129),
(307.6434750000044, 4456, 26573.0, 3900, 2500, 131),
(308.04966800000693, 4464, 22741.0, 3900, 2500, 139),
(308.57392999999865, 4474, 23716.0, 3900, 2500, 149),
(308.64704399999755, 4475, 23716.0, 3900, 2500, 150),
(308.85177400000975, 4479, 26574.0, 3900, 2600, 113),
(308.969563000006, 4481, 26574.0, 3900, 2600, 115),
(309.0774079999974, 4483, 26574.0, 3900, 2600, 117),
(309.28544800000964, 4487, 26573.0, 3900, 2600, 121),
(309.403793999998, 4489, 26573.0, 3900, 2600, 123),
(309.5306130000099, 4491, 26573.0, 3900, 2600, 125),
(309.64070699999866, 4493, 26573.0, 3900, 2600, 127),
(309.76273299999593, 4495, 26573.0, 3900, 2600, 129),
(309.88874300000316, 4497, 26573.0, 3900, 2600, 131),
(309.9985929999966, 4499, 26574.0, 3900, 2600, 133),
(310.32603100000415, 4505, 22723.0, 3900, 2600, 139),
(310.4311400000006, 4507, 22723.0, 3900, 2600, 141),
(310.85627800000657, 4515, 26325.0, 3900, 2600, 149),
(310.9642109999986, 4517, 23716.0, 3900, 2600, 151),
(311.06909600000654, 4519, 26574.0, 3900, 2600, 113),
(311.1727879999962, 4521, 26574.0, 3900, 2600, 115),
(311.26918200000364, 4523, 26574.0, 3900, 2600, 117),
(311.4645870000095, 4527, 26573.0, 3900, 2600, 121),
(311.5832870000013, 4529, 26573.0, 3900, 2600, 123),
(311.7066279999999, 4531, 26573.0, 3900, 2600, 125),
(311.8273840000038, 4533, 26573.0, 3900, 2600, 127),
(311.9310450000048, 4535, 26573.0, 3900, 2600, 129),
(312.0304180000094, 4537, 26573.0, 3900, 2600, 131),
(312.1414680000016, 4539, 26574.0, 3900, 2600, 133),
(312.44171300000744, 4545, 22741.0, 3900, 2600, 139),
(312.56368700000166, 4547, 22741.0, 3900, 2600, 141),
(312.9851889999991, 4555, 26325.0, 3900, 2600, 149),
(313.1779999999999, 4559, 26574.0, 3900, 2600, 113),
(313.2865529999981, 4561, 26574.0, 3900, 2600, 115),
(313.38421400000516, 4563, 26574.0, 3900, 2600, 117),
(313.56713599999784, 4567, 26573.0, 3900, 2600, 121),
(313.6630700000096, 4569, 26573.0, 3900, 2600, 123),
(313.7752810000093, 4571, 26573.0, 3900, 2600, 125),
(313.87831300000835, 4573, 26573.0, 3900, 2600, 127),
(313.97646499999973, 4575, 26573.0, 3900, 2600, 129),
(314.0789800000057, 4577, 26573.0, 3900, 2600, 131),
(314.1816390000022, 4579, 26574.0, 3900, 2600, 133),
(314.4478020000097, 4585, 22741.0, 3900, 2600, 139),
(314.54269600000407, 4587, 22741.0, 3900, 2600, 141),
(314.89035200000217, 4595, 26325.0, 3900, 2600, 149),
(315.11345099999744, 4600, 26574.0, 3900, 2700, 113),
(315.2073950000049, 4602, 26574.0, 3900, 2700, 115),
(315.3135239999974, 4604, 26574.0, 3900, 2700, 117),
(315.4921900000045, 4608, 26573.0, 3900, 2700, 121),
(315.5897499999992, 4610, 26573.0, 3900, 2700, 123),
(315.6977590000024, 4612, 26573.0, 3900, 2700, 125),
(315.8017610000097, 4614, 26573.0, 3900, 2700, 127),
(315.90536099999736, 4616, 26573.0, 3900, 2700, 129),
(316.00591500000155, 4618, 26573.0, 3900, 2700, 131),
(316.1041990000085, 4620, 26574.0, 3900, 2700, 133),
(316.36034199999995, 4626, 22741.0, 3900, 2700, 139),
(316.45792100000835, 4628, 22741.0, 3900, 2700, 141),
(316.87325899999996, 4636, 26325.0, 3900, 2700, 149),
(316.9791039999982, 4638, 23716.0, 3900, 2700, 151),
(317.0801960000099, 4640, 26574.0, 3900, 2700, 113),
(317.18522700000904, 4642, 26574.0, 3900, 2700, 115),
(317.27961500000674, 4644, 26574.0, 3900, 2700, 117),
(317.460671000008, 4648, 26573.0, 3900, 2700, 121),
(317.561366000009, 4650, 26573.0, 3900, 2700, 123),
(317.6576950000017, 4652, 26573.0, 3900, 2700, 125),
(317.753211999996, 4654, 26573.0, 3900, 2700, 127),
(317.85600200000044, 4656, 26573.0, 3900, 2700, 129),
(317.9498620000086, 4658, 26573.0, 3900, 2700, 131),
(318.0643340000097, 4660, 26574.0, 3900, 2700, 133),
(318.33000499999616, 4666, 22723.0, 3900, 2700, 139),
(318.4296639999957, 4668, 22723.0, 3900, 2700, 141),
(318.80047800000466, 4676, 26325.0, 3900, 2700, 149),
(318.90183499999694, 4678, 23716.0, 3900, 2700, 151),
(319.00521299999673, 4680, 26574.0, 3900, 2700, 113),
(319.1084050000063, 4682, 26574.0, 3900, 2700, 115),
(319.2056470000098, 4684, 26574.0, 3900, 2700, 117),
(319.38501100000576, 4688, 26573.0, 3900, 2700, 121),
(319.4857000000047, 4690, 26573.0, 3900, 2700, 123),
(319.5873450000072, 4692, 26573.0, 3900, 2700, 125),
(319.6882990000013, 4694, 26573.0, 3900, 2700, 127),
(319.7943760000053, 4696, 26573.0, 3900, 2700, 129),
(319.90820400000666, 4698, 26573.0, 3900, 2700, 131),
(320.01459000000614, 4700, 26574.0, 3900, 2700, 133),
(320.33810999999696, 4707, 0.0, 3900, 2700, 140),
(328.44547600000806, 4708, 22723.0, 3900, 2700, 141),
(328.83321300000534, 4716, 26325.0, 3900, 2700, 149),
(328.957877000008, 4718, 23716.0, 3900, 2700, 151),
(329.1075310000015, 4721, 26574.0, 3900, 2800, 113),
(329.2205200000026, 4723, 26574.0, 3900, 2800, 115),
(329.33419100000174, 4725, 26574.0, 3900, 2800, 117),
(329.5573250000016, 4729, 26573.0, 3900, 2800, 121),
(329.68936499999836, 4731, 26573.0, 3900, 2800, 123),
(329.8077950000006, 4733, 26573.0, 3900, 2800, 125),
(329.91861600000993, 4735, 26573.0, 3900, 2800, 127),
(330.0381960000086, 4737, 26573.0, 3900, 2800, 129),
(330.1481530000019, 4739, 26573.0, 3900, 2800, 131),
(330.25009200000204, 4741, 26574.0, 3900, 2800, 133),
(330.5170780000044, 4747, 22723.0, 3900, 2800, 139),
(330.6223400000017, 4749, 22723.0, 3900, 2800, 141),
(331.0070379999961, 4757, 26325.0, 3900, 2800, 149),
(331.11906300000555, 4759, 23716.0, 3900, 2800, 151),
(331.2318959999975, 4761, 26574.0, 3900, 2800, 113),
(331.34509499999695, 4763, 26574.0, 3900, 2800, 115),
(331.45008300000336, 4765, 26574.0, 3900, 2800, 117),
(331.64715600000636, 4769, 26573.0, 3900, 2800, 121),
(331.7530320000078, 4771, 26573.0, 3900, 2800, 123),
(331.88009600000805, 4773, 26573.0, 3900, 2800, 125),
(331.9950550000067, 4775, 26573.0, 3900, 2800, 127),
(332.1261210000084, 4777, 26573.0, 3900, 2800, 129),
(332.2379670000082, 4779, 26573.0, 3900, 2800, 131),
(332.351124000008, 4781, 26574.0, 3900, 2800, 133),
(332.7092050000065, 4788, 0.0, 3900, 2800, 140),
(340.8170530000061, 4789, 22723.0, 3900, 2800, 141),
(341.19335699999647, 4797, 26325.0, 3900, 2800, 149),
(341.3034219999972, 4799, 23716.0, 3900, 2800, 151),
(341.3942550000065, 4801, 26574.0, 3900, 2800, 113),
(341.4901760000066, 4803, 26574.0, 3900, 2800, 115),
(341.58496600000944, 4805, 26574.0, 3900, 2800, 117),
(341.7782109999971, 4809, 26573.0, 3900, 2800, 121),
(341.8797510000004, 4811, 26573.0, 3900, 2800, 123),
(341.9723729999969, 4813, 26573.0, 3900, 2800, 125),
(342.061950000003, 4815, 26573.0, 3900, 2800, 127),
(342.1645270000008, 4817, 26573.0, 3900, 2800, 129),
(342.26893700000073, 4819, 26573.0, 3900, 2800, 131),
(342.37065599999914, 4821, 26574.0, 3900, 2800, 133),
(342.6755850000045, 4828, 0.0, 3900, 2800, 140),
(350.86428599999635, 4829, 22723.0, 3900, 2800, 141),
(351.24501100000634, 4837, 26325.0, 3900, 2800, 149),
(351.3539160000073, 4839, 23716.0, 3900, 2800, 151),
(357.1693190000078, 4963, 26574.0, 3900, 3000, 113),
(357.29153699999733, 4965, 26574.0, 3900, 3000, 115),
(357.90746400000353, 4977, 26573.0, 3900, 3000, 127),
(358.0219050000014, 4979, 26573.0, 3900, 3000, 129),
(359.13449599999876, 5003, 26574.0, 3900, 3000, 113),
(359.23030799999833, 5005, 26574.0, 3900, 3000, 115),
(359.7752540000074, 5017, 26573.0, 3900, 3000, 127),
(359.8775370000076, 5019, 26573.0, 3900, 3000, 129),
(360.9237370000046, 5043, 26574.0, 3900, 3000, 113),
(361.02048400000785, 5045, 26574.0, 3900, 3000, 115),
(361.5131459999975, 5057, 26573.0, 3900, 3000, 127),
(361.62138500000583, 5059, 26573.0, 3900, 3000, 129),
(374.03838900000846, 5325, 942694.75, 4300, 2000, 112),
(374.20131600000605, 5326, 1142429.0, 4300, 2000, 113),
(374.20131600000605, 5326, 22658.0, 4300, 2000, 113),
(381.80502400000114, 5327, 876911.5, 4300, 2000, 114),
(381.957837000009, 5328, 1017246.75, 4300, 2000, 115),
(381.957837000009, 5328, 22698.0, 4300, 2000, 115),
(389.501655, 5329, 22656.0, 4300, 2000, 116),
(389.5587630000082, 5330, 52640.0, 4300, 2000, 117),
(389.66796600000816, 5332, 26574.0, 4300, 2000, 119),
(389.78830800000287, 5334, 862621.0, 4300, 2000, 121),
(389.93433899999945, 5335, 1038423.25, 4300, 2000, 122),
(389.93433899999945, 5335, 52617.0, 4300, 2000, 122),
(397.5292330000084, 5336, 845157.0, 4300, 2000, 123),
(397.67747199999576, 5337, 989666.75, 4300, 2000, 124),
(397.67747199999576, 5337, 52617.0, 4300, 2000, 124),
(405.29692600001, 5339, 794502.5, 4300, 2000, 126),
(405.43048100000306, 5340, 938102.75, 4300, 2000, 127),
(405.43048100000306, 5340, 22657.0, 4300, 2000, 127),
(413.026807000002, 5341, 838705.25, 4300, 2000, 128),
(413.1708789999975, 5342, 973081.25, 4300, 2000, 129),
(413.1708789999975, 5342, 22698.0, 4300, 2000, 129),
(420.7345100000093, 5343, 22655.0, 4300, 2000, 130),
(420.7930930000002, 5344, 26596.0, 4300, 2000, 131),
(420.89444099999673, 5346, 26573.0, 4300, 2000, 133),
(421.0001270000066, 5348, 889344.0, 4300, 2000, 135),
(421.1494810000004, 5349, 1078030.5, 4300, 2000, 136),
(421.1494810000004, 5349, 22428.0, 4300, 2000, 136),
(428.750807000004, 5350, 867088.75, 4300, 2000, 137),
(428.8996560000087, 5351, 1035056.75, 4300, 2000, 138),
(428.8996560000087, 5351, 22676.0, 4300, 2000, 138),
(436.49141699999745, 5352, 26905.0, 4300, 2000, 139),
(436.557289999997, 5353, 797285.0, 4300, 2000, 140),
(436.69344699999783, 5354, 918776.25, 4300, 2000, 141),
(436.69344699999783, 5354, 26905.0, 4300, 2000, 141),
(444.2766510000074, 5356, 797776.25, 4300, 2000, 143),
(444.41505500000494, 5357, 933504.0, 4300, 2000, 144),
(444.41505500000494, 5357, 26326.0, 4300, 2000, 144),
(451.9502999999968, 5358, 829762.25, 4300, 2000, 145),
(452.0948999999964, 5359, 965854.5, 4300, 2000, 146),
(452.0948999999964, 5359, 26326.0, 4300, 2000, 146),
(459.6878580000048, 5361, 833186.5, 4300, 2000, 148),
(459.82732700000633, 5362, 973606.75, 4300, 2000, 149),
(459.82732700000633, 5362, 22410.0, 4300, 2000, 149),
(467.3774209999974, 5363, 860923.5, 4300, 2000, 150),
(467.5210800000059, 5364, 1002638.0, 4300, 2000, 151),
(467.5210800000059, 5364, 26984.0, 4300, 2000, 151),
(475.12019800000417, 5366, 22676.0, 4300, 2000, 113),
(475.18429900000046, 5367, 884786.5, 4300, 2000, 114),
(475.3366260000039, 5368, 1031376.25, 4300, 2000, 115),
(475.3366260000039, 5368, 22698.0, 4300, 2000, 115),
(482.88401700000395, 5369, 22656.0, 4300, 2000, 116),
(482.9483659999969, 5370, 52640.0, 4300, 2000, 117),
(483.05214200000046, 5372, 26574.0, 4300, 2000, 119),
(483.15572500000417, 5374, 846071.75, 4300, 2000, 121),
(483.29666500000167, 5375, 982290.75, 4300, 2000, 122),
(483.29666500000167, 5375, 52617.0, 4300, 2000, 122),
(490.83526300000085, 5376, 879225.5, 4300, 2000, 123),
(490.9868359999964, 5377, 1069754.0, 4300, 2000, 124),
(490.9868359999964, 5377, 52617.0, 4300, 2000, 124),
(498.67299400000775, 5379, 878454.0, 4300, 2000, 126),
(498.82150099999853, 5380, 988719.5, 4300, 2000, 127),
(498.82150099999853, 5380, 22675.0, 4300, 2000, 127),
(506.3749320000061, 5381, 847834.75, 4300, 2000, 128),
(506.5213999999978, 5382, 988787.75, 4300, 2000, 129),
(506.5213999999978, 5382, 22697.0, 4300, 2000, 129),
(514.0826320000051, 5383, 22673.0, 4300, 2000, 130),
(514.1582530000014, 5384, 26596.0, 4300, 2000, 131),
(514.2611069999984, 5386, 26573.0, 4300, 2000, 133),
(514.3674790000077, 5388, 847676.25, 4300, 2000, 135),
(514.5124099999957, 5389, 970481.0, 4300, 2000, 136),
(514.5124099999957, 5389, 22428.0, 4300, 2000, 136),
(522.0724120000086, 5390, 835249.0, 4300, 2000, 137),
(522.2152170000045, 5391, 980482.75, 4300, 2000, 138),
(522.2152170000045, 5391, 22676.0, 4300, 2000, 138),
(529.7916550000082, 5392, 26905.0, 4300, 2000, 139),
(529.8522130000056, 5393, 827958.5, 4300, 2000, 140),
(529.9931270000088, 5394, 966643.25, 4300, 2000, 141),
(529.9931270000088, 5394, 26905.0, 4300, 2000, 141),
(537.6045759999979, 5396, 824361.75, 4300, 2000, 143),
(537.7486650000064, 5397, 976484.5, 4300, 2000, 144),
(537.7486650000064, 5397, 26326.0, 4300, 2000, 144),
(545.3374279999989, 5398, 828970.5, 4300, 2000, 145),
(545.4794870000042, 5399, 975922.0, 4300, 2000, 146),
(545.4794870000042, 5399, 26326.0, 4300, 2000, 146),
(553.0971120000031, 5401, 826742.0, 4300, 2000, 148),
(553.2383609999961, 5402, 973092.75, 4300, 2000, 149),
(553.2383609999961, 5402, 22410.0, 4300, 2000, 149),
(560.7951969999995, 5403, 1004374.5, 4300, 2000, 150),
(560.9845900000073, 5404, 1166370.25, 4300, 2000, 151),
(560.9845900000073, 5404, 26984.0, 4300, 2000, 151),
(568.64076200001, 5406, 22658.0, 4300, 2000, 113),
(568.7084750000067, 5407, 845146.0, 4300, 2000, 114),
(568.8541370000021, 5408, 1002536.75, 4300, 2000, 115),
(568.8541370000021, 5408, 22698.0, 4300, 2000, 115),
(576.4018260000012, 5409, 22656.0, 4300, 2000, 116),
(576.4663600000058, 5410, 52640.0, 4300, 2000, 117),
(576.5746749999962, 5412, 26574.0, 4300, 2000, 119),
(576.6857900000032, 5414, 832248.0, 4300, 2000, 121),
(576.8309759999975, 5415, 980436.25, 4300, 2000, 122),
(576.8309759999975, 5415, 52617.0, 4300, 2000, 122),
(584.436910000004, 5416, 844807.75, 4300, 2000, 123),
(584.5815290000028, 5417, 984129.75, 4300, 2000, 124),
(584.5815290000028, 5417, 52617.0, 4300, 2000, 124),
(592.1696749999974, 5419, 858386.0, 4300, 2000, 126),
(592.3181610000029, 5420, 1089121.0, 4300, 2000, 127),
(592.3181610000029, 5420, 22657.0, 4300, 2000, 127),
(599.9190070000041, 5421, 827523.25, 4300, 2000, 128),
(600.0746070000023, 5422, 1001606.25, 4300, 2000, 129),
(600.0746070000023, 5422, 22697.0, 4300, 2000, 129),
(607.6434520000039, 5423, 22673.0, 4300, 2000, 130),
(607.7044920000044, 5424, 26596.0, 4300, 2000, 131),
(607.8145070000028, 5426, 26573.0, 4300, 2000, 133),
(607.912096, 5428, 849060.25, 4300, 2000, 135),
(608.0532099999982, 5429, 963880.5, 4300, 2000, 136),
(608.0532099999982, 5429, 22428.0, 4300, 2000, 136),
(615.5850940000091, 5430, 845148.0, 4300, 2000, 137),
(615.7290130000038, 5431, 985054.25, 4300, 2000, 138),
(615.7290130000038, 5431, 22697.0, 4300, 2000, 138),
(623.2805220000009, 5432, 26905.0, 4300, 2000, 139),
(623.341161999997, 5433, 812985.5, 4300, 2000, 140),
(623.478701, 5434, 964476.25, 4300, 2000, 141),
(623.478701, 5434, 26905.0, 4300, 2000, 141),
(631.0633979999984, 5436, 828586.5, 4300, 2000, 143),
(631.2041580000077, 5437, 985986.0, 4300, 2000, 144),
(631.2041580000077, 5437, 26326.0, 4300, 2000, 144),
(638.760684000008, 5438, 827071.75, 4300, 2000, 145),
(638.901675000001, 5439, 969469.75, 4300, 2000, 146),
(638.901675000001, 5439, 26326.0, 4300, 2000, 146),
(646.5209810000088, 5441, 926134.25, 4300, 2000, 148),
(646.6756549999991, 5442, 1083525.5, 4300, 2000, 149),
(646.6756549999991, 5442, 22410.0, 4300, 2000, 149),
(654.2879130000074, 5443, 951902.25, 4300, 2000, 150),
(654.4464080000034, 5444, 1094976.25, 4300, 2000, 151),
(654.4464080000034, 5444, 26984.0, 4300, 2000, 151),
(662.0636579999991, 5446, 315561.5, 4300, 2400, 112),
(662.1354620000056, 5447, 441791.5, 4300, 2400, 113),
(662.1354620000056, 5447, 52373.0, 4300, 2400, 113),
(669.7179840000026, 5448, 22687.0, 4300, 2400, 114),
(669.7833459999965, 5449, 22665.0, 4300, 2400, 115),
(669.8530590000009, 5450, 52624.0, 4300, 2400, 116),
(669.9124470000097, 5451, 868167.25, 4300, 2400, 117),
(670.0548200000048, 5452, 1020952.25, 4300, 2400, 118),
(670.0548200000048, 5452, 26582.0, 4300, 2400, 118),
(677.6571019999974, 5453, 898688.75, 4300, 2400, 119),
(677.8063010000042, 5454, 1048568.0, 4300, 2400, 120),
(685.3699179999967, 5455, 48722.0, 4300, 2400, 121),
(685.4879079999955, 5457, 48727.0, 4300, 2400, 123),
(685.5579660000076, 5458, 995158.5, 4300, 2400, 124),
(685.7273600000044, 5459, 1186605.75, 4300, 2400, 125),
(693.3104509999976, 5460, 48725.0, 4300, 2400, 126),
(693.3793140000053, 5461, 26329.0, 4300, 2400, 127),
(693.4439649999986, 5462, 22669.0, 4300, 2400, 128),
(693.5143499999976, 5463, 22683.0, 4300, 2400, 129),
(693.5841550000041, 5464, 26580.0, 4300, 2400, 130),
(693.6440650000004, 5465, 149814.0, 4300, 2400, 131),
(693.7621590000053, 5467, 905903.75, 4300, 2400, 133),
(693.914810000002, 5468, 1064225.0, 4300, 2400, 134),
(701.4843720000063, 5469, 22681.0, 4300, 2400, 135),
(701.5870290000021, 5471, 22664.0, 4300, 2400, 137),
(701.6465370000078, 5472, 26577.0, 4300, 2400, 138),
(701.7448549999972, 5474, 22684.0, 4300, 2400, 140),
(701.8005390000035, 5475, 918038.75, 4300, 2400, 141),
(701.9531850000058, 5476, 1010935.0, 4300, 2400, 142),
(709.5058160000044, 5477, 22413.0, 4300, 2400, 143),
(709.6162029999978, 5479, 945445.5, 4300, 2400, 145),
(709.7719070000021, 5480, 1093639.0, 4300, 2400, 146),
(709.7719070000021, 5480, 984149.0, 4300, 2400, 146),
(717.4734549999994, 5481, 1109327.0, 4300, 2400, 147),
(725.0264299999981, 5482, 22416.0, 4300, 2400, 148),
(725.0961010000028, 5483, 893822.25, 4300, 2400, 149),
(725.2442410000076, 5484, 1036618.25, 4300, 2400, 150),
(725.2442410000076, 5484, 22731.0, 4300, 2400, 150),
(732.8070129999978, 5485, 921599.5, 4300, 2400, 151),
(732.9564830000018, 5486, 1043030.5, 4300, 2400, 152),
(732.9564830000018, 5486, 26644.0, 4300, 2400, 152),
(740.5533319999959, 5487, 52373.0, 4300, 2400, 113),
(740.6226230000029, 5488, 22687.0, 4300, 2400, 114),
(740.685313000009, 5489, 22665.0, 4300, 2400, 115),
(740.7454240000079, 5490, 52624.0, 4300, 2400, 116),
(740.812625999999, 5491, 1026466.0, 4300, 2400, 117),
(740.9773940000014, 5492, 1241576.25, 4300, 2400, 118),
(740.9773940000014, 5492, 26582.0, 4300, 2400, 118),
(748.5756570000085, 5493, 874361.25, 4300, 2400, 119),
(748.7244659999997, 5494, 1016248.0, 4300, 2400, 120),
(756.294498999996, 5495, 48722.0, 4300, 2400, 121),
(756.4067470000009, 5497, 919693.0, 4300, 2400, 123),
(756.5603700000065, 5498, 1064499.5, 4300, 2400, 124),
(756.5603700000065, 5498, 890247.75, 4300, 2400, 124),
(764.2308449999982, 5499, 1035726.75, 4300, 2400, 125),
(771.7952539999969, 5500, 48725.0, 4300, 2400, 126),
(771.8666250000097, 5501, 288824.25, 4300, 2400, 127),
(771.933784000008, 5502, 406113.5, 4300, 2400, 128),
(771.933784000008, 5502, 22669.0, 4300, 2400, 128),
(779.48599500001, 5503, 22683.0, 4300, 2400, 129),
(779.5564670000022, 5504, 26580.0, 4300, 2400, 130),
(779.6244640000077, 5505, 839865.5, 4300, 2400, 131),
(779.7687850000075, 5506, 965723.0, 4300, 2400, 132),
(787.3399849999987, 5507, 905048.25, 4300, 2400, 133),
(787.4936589999998, 5508, 1038437.75, 4300, 2400, 134),
(795.0459540000011, 5509, 22681.0, 4300, 2400, 135),
(795.1506840000075, 5511, 22664.0, 4300, 2400, 137),
(795.2128210000083, 5512, 26577.0, 4300, 2400, 138),
(795.3237890000019, 5514, 22684.0, 4300, 2400, 140),
(795.3956500000058, 5515, 930026.0, 4300, 2400, 141),
(795.5544800000062, 5516, 1089970.25, 4300, 2400, 142),
(803.1440569999977, 5517, 22413.0, 4300, 2400, 143),
(803.2612760000047, 5519, 963883.75, 4300, 2400, 145),
(803.4211219999997, 5520, 1078941.5, 4300, 2400, 146),
(803.4211219999997, 5520, 853988.5, 4300, 2400, 146),
(811.1238080000039, 5521, 976916.75, 4300, 2400, 147),
(818.7092459999985, 5522, 22416.0, 4300, 2400, 148),
(818.776085999998, 5523, 978994.25, 4300, 2400, 149),
(818.9397020000033, 5524, 1123317.0, 4300, 2400, 150),
(818.9397020000033, 5524, 22731.0, 4300, 2400, 150),
(826.5303890000068, 5525, 840551.5, 4300, 2400, 151),
(826.6784889999981, 5526, 994266.0, 4300, 2400, 152),
(826.6784889999981, 5526, 26644.0, 4300, 2400, 152),
(834.2536229999969, 5527, 52373.0, 4300, 2400, 113),
(834.3388799999957, 5528, 22687.0, 4300, 2400, 114),
(834.40054100001, 5529, 22665.0, 4300, 2400, 115),
(834.4667370000097, 5530, 52624.0, 4300, 2400, 116),
(834.5473869999987, 5531, 837793.75, 4300, 2400, 117),
(834.6923630000092, 5532, 932597.0, 4300, 2400, 118),
(834.6923630000092, 5532, 26582.0, 4300, 2400, 118),
(842.2731540000095, 5533, 926127.5, 4300, 2400, 119),
(842.4289080000017, 5534, 1061434.25, 4300, 2400, 120),
(850.0242480000015, 5535, 48722.0, 4300, 2400, 121),
(850.1375120000012, 5537, 893423.0, 4300, 2400, 123),
(850.2897340000054, 5538, 1038436.0, 4300, 2400, 124),
(850.2897340000054, 5538, 913400.0, 4300, 2400, 124),
(857.9850420000002, 5539, 1039346.25, 4300, 2400, 125),
(865.5423529999971, 5540, 48725.0, 4300, 2400, 126),
(865.6053620000021, 5541, 319588.25, 4300, 2400, 127),
(865.6756299999979, 5542, 442042.25, 4300, 2400, 128),
(865.6756299999979, 5542, 22669.0, 4300, 2400, 128),
(873.2852399999974, 5543, 22683.0, 4300, 2400, 129),
(873.3448710000084, 5544, 26580.0, 4300, 2400, 130),
(873.407978999996, 5545, 901505.5, 4300, 2400, 131),
(873.5570509999961, 5546, 1048553.5, 4300, 2400, 132),
(881.1137660000095, 5547, 837540.25, 4300, 2400, 133),
(881.2614630000025, 5548, 956525.0, 4300, 2400, 134),
(888.884229999996, 5549, 22681.0, 4300, 2400, 135),
(888.999238000004, 5551, 22664.0, 4300, 2400, 137),
(889.0622490000096, 5552, 26577.0, 4300, 2400, 138),
(889.1593740000098, 5554, 880452.5, 4300, 2400, 140),
(889.307937000005, 5555, 1042116.25, 4300, 2400, 141),
(889.307937000005, 5555, 931672.0, 4300, 2400, 141),
(897.0179440000065, 5556, 1067549.0, 4300, 2400, 142),
(904.5523620000022, 5557, 22413.0, 4300, 2400, 143),
(904.6702510000032, 5559, 937683.0, 4300, 2400, 145),
(904.8270869999978, 5560, 1113009.75, 4300, 2400, 146),
(904.8270869999978, 5560, 874958.5, 4300, 2400, 146),
(912.4947700000048, 5561, 993157.25, 4300, 2400, 147),
(920.0305430000008, 5562, 22416.0, 4300, 2400, 148),
(920.0947759999981, 5563, 890349.75, 4300, 2400, 149),
(920.2451940000028, 5564, 1016475.5, 4300, 2400, 150),
(920.2451940000028, 5564, 22749.0, 4300, 2400, 150),
(927.8390639999998, 5565, 892618.5, 4300, 2400, 151),
(927.9905089999957, 5566, 1029387.25, 4300, 2400, 152),
(927.9905089999957, 5566, 26644.0, 4300, 2400, 152),
(935.5989410000038, 5567, 28842.0, 4300, 2800, 112),
(935.6602180000045, 5568, 26576.0, 4300, 2800, 113),
(935.7247239999997, 5569, 48740.0, 4300, 2800, 114),
(935.8265930000052, 5571, 22665.0, 4300, 2800, 116),
(935.8918320000084, 5572, 26575.0, 4300, 2800, 117),
(935.9477440000046, 5573, 26574.0, 4300, 2800, 118),
(936.0175359999994, 5574, 26574.0, 4300, 2800, 119),
(936.1171820000018, 5576, 28842.0, 4300, 2800, 121),
(936.1790270000056, 5577, 52617.0, 4300, 2800, 122),
(936.2407030000031, 5578, 28842.0, 4300, 2800, 123),
(936.3005419999972, 5579, 52617.0, 4300, 2800, 124),
(936.3594980000053, 5580, 52617.0, 4300, 2800, 125),
(936.4149420000031, 5581, 28842.0, 4300, 2800, 126),
(936.4677050000028, 5582, 26575.0, 4300, 2800, 127),
(936.5329080000083, 5583, 22696.0, 4300, 2800, 128),
(936.6328910000011, 5585, 22683.0, 4300, 2800, 130),
(936.694107000003, 5586, 26574.0, 4300, 2800, 131),
(936.759315000003, 5587, 26573.0, 4300, 2800, 132),
(936.8236089999991, 5588, 26573.0, 4300, 2800, 133),
(936.8818060000049, 5589, 26573.0, 4300, 2800, 134),
(936.9426160000003, 5590, 28840.0, 4300, 2800, 135),
(937.0496450000064, 5592, 28840.0, 4300, 2800, 137),
(937.1074079999962, 5593, 22679.0, 4300, 2800, 138),
(937.1676359999983, 5594, 26905.0, 4300, 2800, 139),
(937.2315030000027, 5595, 28842.0, 4300, 2800, 140),
(937.2932650000002, 5596, 26905.0, 4300, 2800, 141),
(937.3653270000068, 5597, 26905.0, 4300, 2800, 142),
(937.4330980000086, 5598, 28842.0, 4300, 2800, 143),
(937.495185000007, 5599, 26326.0, 4300, 2800, 144),
(937.562414, 5600, 28842.0, 4300, 2800, 145),
(937.673907999997, 5602, 26326.0, 4300, 2800, 147),
(937.7454240000079, 5603, 28841.0, 4300, 2800, 148),
(937.8504499999981, 5605, 28841.0, 4300, 2800, 150),
(937.9130580000055, 5606, 26968.0, 4300, 2800, 151),
(937.9759909999993, 5607, 26967.0, 4300, 2800, 152),
(938.0888280000072, 5609, 48722.0, 4300, 2800, 114),
(938.1937540000072, 5611, 22683.0, 4300, 2800, 116),
(938.2612179999996, 5612, 26575.0, 4300, 2800, 117),
(938.3233080000064, 5613, 26574.0, 4300, 2800, 118),
(938.3883320000023, 5614, 26574.0, 4300, 2800, 119),
(938.4535440000036, 5615, 26574.0, 4300, 2800, 120),
(938.519432000001, 5616, 28842.0, 4300, 2800, 121),
(938.5848540000006, 5617, 52617.0, 4300, 2800, 122),
(938.6591259999987, 5618, 28842.0, 4300, 2800, 123),
(938.7384069999971, 5619, 52617.0, 4300, 2800, 124),
(938.8050959999964, 5620, 52617.0, 4300, 2800, 125),
(938.8789519999991, 5621, 28842.0, 4300, 2800, 126),
(938.9571399999986, 5622, 26575.0, 4300, 2800, 127),
(939.0140420000098, 5623, 22678.0, 4300, 2800, 128),
(939.1257179999957, 5625, 22665.0, 4300, 2800, 130),
(939.192722000007, 5626, 26574.0, 4300, 2800, 131),
(939.254454000009, 5627, 26573.0, 4300, 2800, 132),
(939.3173850000021, 5628, 26573.0, 4300, 2800, 133),
(939.3837349999958, 5629, 26573.0, 4300, 2800, 134),
(939.4469519999984, 5630, 28840.0, 4300, 2800, 135),
(939.5596220000007, 5632, 28840.0, 4300, 2800, 137),
(939.6313010000013, 5633, 22661.0, 4300, 2800, 138),
(939.6939550000097, 5634, 26905.0, 4300, 2800, 139),
(939.7689420000097, 5635, 28842.0, 4300, 2800, 140),
(939.8377259999979, 5636, 26905.0, 4300, 2800, 141),
(939.905786000003, 5637, 26905.0, 4300, 2800, 142),
(939.9781769999972, 5638, 28842.0, 4300, 2800, 143),
(940.0450890000066, 5639, 26326.0, 4300, 2800, 144),
(940.1121779999958, 5640, 28842.0, 4300, 2800, 145),
(940.1786690000008, 5641, 26326.0, 4300, 2800, 146),
(940.2534710000036, 5642, 26326.0, 4300, 2800, 147),
(940.3181750000076, 5643, 28841.0, 4300, 2800, 148),
(940.4342089999991, 5645, 28841.0, 4300, 2800, 150),
(940.4938249999977, 5646, 26968.0, 4300, 2800, 151),
(940.5560780000087, 5647, 26967.0, 4300, 2800, 152),
(940.616795000009, 5648, 26576.0, 4300, 2800, 113),
(940.6837130000058, 5649, 48740.0, 4300, 2800, 114),
(940.8047150000057, 5651, 22665.0, 4300, 2800, 116),
(940.8759620000055, 5652, 26575.0, 4300, 2800, 117),
(940.9419400000043, 5653, 26574.0, 4300, 2800, 118),
(941.010282999996, 5654, 26574.0, 4300, 2800, 119),
(941.1110250000056, 5656, 28842.0, 4300, 2800, 121),
(941.171675000005, 5657, 52617.0, 4300, 2800, 122),
(941.258375999998, 5658, 28842.0, 4300, 2800, 123),
(941.3419790000044, 5659, 52617.0, 4300, 2800, 124),
(941.4021869999997, 5660, 52617.0, 4300, 2800, 125),
(941.4738470000011, 5661, 28842.0, 4300, 2800, 126),
(941.540823000003, 5662, 26575.0, 4300, 2800, 127),
(941.6087430000043, 5663, 22696.0, 4300, 2800, 128),
(941.7293960000097, 5665, 22683.0, 4300, 2800, 130),
(941.8037199999962, 5666, 26574.0, 4300, 2800, 131),
(941.8770260000019, 5667, 26573.0, 4300, 2800, 132),
(941.9404159999976, 5668, 26573.0, 4300, 2800, 133),
(942.0041199999978, 5669, 26573.0, 4300, 2800, 134),
(942.0758630000055, 5670, 28840.0, 4300, 2800, 135),
(942.1806500000093, 5672, 28840.0, 4300, 2800, 137),
(942.2449510000006, 5673, 22679.0, 4300, 2800, 138),
(942.3156580000068, 5674, 26905.0, 4300, 2800, 139),
(942.3746830000018, 5675, 28842.0, 4300, 2800, 140),
(942.4487400000071, 5676, 26905.0, 4300, 2800, 141),
(942.5170150000049, 5677, 26905.0, 4300, 2800, 142),
(942.5798520000099, 5678, 28842.0, 4300, 2800, 143),
(942.6464740000083, 5679, 26326.0, 4300, 2800, 144),
(942.7157980000047, 5680, 28842.0, 4300, 2800, 145),
(942.7849799999967, 5681, 26326.0, 4300, 2800, 146),
(942.8517060000013, 5682, 26326.0, 4300, 2800, 147),
(942.9182040000014, 5683, 28841.0, 4300, 2800, 148),
(943.0259800000058, 5685, 28841.0, 4300, 2800, 150),
(943.0956529999967, 5686, 26968.0, 4300, 2800, 151),
(943.16616600001, 5687, 26967.0, 4300, 2800, 152),
(954.1668070000014, 5930, 265070.75, 4300, 2400, 112),
(954.2265179999958, 5931, 361005.5, 4300, 2400, 113),
(954.2265179999958, 5931, 52373.0, 4300, 2400, 113),
(961.837909000009, 5932, 22687.0, 4300, 2400, 114),
(961.9119890000002, 5933, 22665.0, 4300, 2400, 115),
(961.9737049999967, 5934, 52624.0, 4300, 2400, 116),
(962.0887749999965, 5936, 26582.0, 4300, 2400, 118),
(962.158368000004, 5937, 893667.0, 4300, 2400, 119),
(962.3084390000004, 5938, 1101021.75, 4300, 2400, 120),
(969.8746800000081, 5939, 48722.0, 4300, 2400, 121),
(969.9796940000087, 5941, 48727.0, 4300, 2400, 123),
(970.0456600000034, 5942, 875516.5, 4300, 2400, 124),
(970.1924040000013, 5943, 1023706.75, 4300, 2400, 125),
(977.7645530000009, 5944, 48725.0, 4300, 2400, 126),
(977.8327839999984, 5945, 327968.75, 4300, 2400, 127),
(977.9085770000092, 5946, 444761.75, 4300, 2400, 128),
(977.9085770000092, 5946, 22669.0, 4300, 2400, 128),
(985.4756809999963, 5947, 22683.0, 4300, 2400, 129),
(985.5322140000062, 5948, 26580.0, 4300, 2400, 130),
(985.5962189999991, 5949, 149814.0, 4300, 2400, 131),
(985.6593700000085, 5950, 616.0, 4300, 2400, 132),
(985.7193870000046, 5951, 909550.0, 4300, 2400, 133),
(985.8732100000052, 5952, 1025525.5, 4300, 2400, 134),
(993.4347189999971, 5953, 22663.0, 4300, 2400, 135),
(993.5465110000077, 5955, 22682.0, 4300, 2400, 137),
(993.6006170000037, 5956, 26577.0, 4300, 2400, 138),
(993.7040280000074, 5958, 22666.0, 4300, 2400, 140),
(993.7709449999966, 5959, 939786.0, 4300, 2400, 141),
(993.9344970000093, 5960, 1067882.0, 4300, 2400, 142),
(1001.5075490000017, 5961, 22413.0, 4300, 2400, 143),
(1001.6124169999966, 5963, 22436.0, 4300, 2400, 145),
(1001.6758039999986, 5964, 887001.75, 4300, 2400, 146),
(1001.8253170000098, 5965, 1032892.5, 4300, 2400, 147),
(1009.3938679999992, 5966, 22416.0, 4300, 2400, 148),
(1009.4559969999973, 5967, 919735.75, 4300, 2400, 149),
(1009.6090720000066, 5968, 1089056.0, 4300, 2400, 150),
(1009.6090720000066, 5968, 22731.0, 4300, 2400, 150),
(1017.2539620000025, 5969, 866736.25, 4300, 2400, 151),
(1017.3992419999995, 5970, 998853.0, 4300, 2400, 152),
(1017.3992419999995, 5970, 26644.0, 4300, 2400, 152),
(1024.9850850000075, 5971, 52373.0, 4300, 2400, 113),
(1025.0516130000033, 5972, 22687.0, 4300, 2400, 114),
(1025.1157139999996, 5973, 22665.0, 4300, 2400, 115),
(1025.1734280000092, 5974, 52629.0, 4300, 2400, 116),
(1025.2381430000096, 5975, 895240.75, 4300, 2400, 117),
(1025.3931630000006, 5976, 1019353.5, 4300, 2400, 118),
(1025.3931630000006, 5976, 26582.0, 4300, 2400, 118),
(1032.972569999998, 5977, 973081.5, 4300, 2400, 119),
(1033.134287000008, 5978, 1112989.0, 4300, 2400, 120),
(1040.703726000007, 5979, 48722.0, 4300, 2400, 121),
(1040.819942000002, 5981, 1044143.75, 4300, 2400, 123),
(1040.9897800000035, 5982, 1243824.0, 4300, 2400, 124),
(1040.9897800000035, 5982, 910859.5, 4300, 2400, 124),
(1048.6839190000028, 5983, 1072499.5, 4300, 2400, 125),
(1056.2530950000073, 5984, 48725.0, 4300, 2400, 126),
(1056.3263279999956, 5985, 271837.75, 4300, 2400, 127),
(1056.3912340000097, 5986, 379735.25, 4300, 2400, 128),
(1056.3912340000097, 5986, 22669.0, 4300, 2400, 128),
(1063.954500000007, 5987, 22683.0, 4300, 2400, 129),
(1064.0288770000043, 5988, 26580.0, 4300, 2400, 130),
(1064.0990710000042, 5989, 157645.0, 4300, 2400, 131),
(1064.1616470000008, 5990, 616.0, 4300, 2400, 132),
(1064.2153309999994, 5991, 957744.75, 4300, 2400, 133),
(1064.3751570000022, 5992, 1053150.0, 4300, 2400, 134),
(1071.92132400001, 5993, 22681.0, 4300, 2400, 135),
(1072.0261800000007, 5995, 22664.0, 4300, 2400, 137),
(1072.1769420000055, 5998, 22684.0, 4300, 2400, 140),
(1072.2394320000021, 5999, 904075.0, 4300, 2400, 141),
(1072.3933150000084, 6000, 1014010.75, 4300, 2400, 142),
(1079.9762530000007, 6001, 22413.0, 4300, 2400, 143),
(1080.084771000009, 6003, 897670.75, 4300, 2400, 145),
(1080.23328700001, 6004, 1029629.5, 4300, 2400, 146),
(1080.23328700001, 6004, 927168.0, 4300, 2400, 146),
(1087.8727539999963, 6005, 1056080.25, 4300, 2400, 147),
(1095.4407880000072, 6006, 22416.0, 4300, 2400, 148),
(1095.508507999999, 6007, 953753.75, 4300, 2400, 149),
(1095.6661170000007, 6008, 1104599.25, 4300, 2400, 150),
(1095.6661170000007, 6008, 22731.0, 4300, 2400, 150),
(1103.2666699999972, 6009, 1001547.75, 4300, 2400, 151),
(1103.432381000006, 6010, 1173658.25, 4300, 2400, 152),
(1103.432381000006, 6010, 26644.0, 4300, 2400, 152),
(1111.0154840000032, 6011, 52373.0, 4300, 2400, 113),
(1111.080044000002, 6012, 22669.0, 4300, 2400, 114),
(1111.1460389999993, 6013, 22683.0, 4300, 2400, 115),
(1111.2057800000039, 6014, 52624.0, 4300, 2400, 116),
(1111.3108199999988, 6016, 26582.0, 4300, 2400, 118),
(1111.377343, 6017, 913233.0, 4300, 2400, 119),
(1111.5274539999955, 6018, 1027517.0, 4300, 2400, 120),
(1119.0868429999973, 6019, 48722.0, 4300, 2400, 121),
(1119.196597000002, 6021, 48727.0, 4300, 2400, 123),
(1119.2588260000048, 6022, 892113.75, 4300, 2400, 124),
(1119.404984000008, 6023, 1040277.0, 4300, 2400, 125),
(1127.0664610000094, 6024, 48725.0, 4300, 2400, 126),
(1127.1385850000079, 6025, 382174.0, 4300, 2400, 127),
(1127.2215169999981, 6026, 496312.0, 4300, 2400, 128),
(1127.2215169999981, 6026, 22669.0, 4300, 2400, 128),
(1134.8047519999964, 6027, 22683.0, 4300, 2400, 129),
(1134.868325000003, 6028, 26584.0, 4300, 2400, 130),
(1134.9313419999962, 6029, 901300.0, 4300, 2400, 131),
(1135.0793609999964, 6030, 1020094.0, 4300, 2400, 132),
(1142.646815, 6031, 881070.0, 4300, 2400, 133),
(1142.7969810000068, 6032, 1071222.0, 4300, 2400, 134),
(1150.3827909999964, 6033, 22681.0, 4300, 2400, 135),
(1150.4993550000072, 6035, 22664.0, 4300, 2400, 137),
(1150.5671920000023, 6036, 26577.0, 4300, 2400, 138),
(1150.670087999999, 6038, 22684.0, 4300, 2400, 140),
(1150.729170999999, 6039, 980458.5, 4300, 2400, 141),
(1150.8878629999963, 6040, 1092751.25, 4300, 2400, 142),
(1158.5695419999975, 6041, 22413.0, 4300, 2400, 143),
(1158.6844700000074, 6043, 969394.75, 4300, 2400, 145),
(1158.845954999997, 6044, 1135991.5, 4300, 2400, 146),
(1158.845954999997, 6044, 1067004.5, 4300, 2400, 146),
(1166.650370000003, 6045, 1247562.75, 4300, 2400, 147),
(1174.2584429999988, 6046, 22416.0, 4300, 2400, 148),
(1174.3267960000085, 6047, 922750.5, 4300, 2400, 149),
(1174.483892999997, 6048, 1106615.75, 4300, 2400, 150),
(1174.483892999997, 6048, 22731.0, 4300, 2400, 150),
(1182.1767209999962, 6049, 973200.75, 4300, 2400, 151),
(1182.3352089999971, 6050, 1153639.0, 4300, 2400, 152),
(1182.3352089999971, 6050, 26644.0, 4300, 2400, 152),
(1190.128349000006, 6054, 320539.5, 4300, 2600, 115),
(1190.2083399999974, 6055, 418068.25, 4300, 2600, 116),
(1190.2083399999974, 6055, 26579.0, 4300, 2600, 116),
(1197.977070000008, 6057, 26581.0, 4300, 2600, 118),
(1198.037215000004, 6058, 48720.0, 4300, 2600, 119),
(1198.098913000009, 6059, 26577.0, 4300, 2600, 120),
(1198.3056730000098, 6063, 22676.0, 4300, 2600, 124),
(1198.3775620000088, 6064, 52620.0, 4300, 2600, 125),
(1198.4436290000012, 6065, 52626.0, 4300, 2600, 126),
(1198.650357999999, 6069, 26579.0, 4300, 2600, 130),
(1198.7215399999986, 6070, 149814.0, 4300, 2600, 131),
(1198.798834000001, 6071, 94402.0, 4300, 2600, 132),
(1198.8779970000032, 6072, 22661.0, 4300, 2600, 133),
(1198.9468170000036, 6073, 26576.0, 4300, 2600, 134),
(1199.1800999999978, 6077, 22682.0, 4300, 2600, 138),
(1199.2337490000064, 6078, 26572.0, 4300, 2600, 139),
(1199.3418570000067, 6080, 22476.0, 4300, 2600, 141),
(1199.4081390000065, 6081, 26908.0, 4300, 2600, 142),
(1199.5260710000002, 6083, 26579.0, 4300, 2600, 144),
(1199.6409359999961, 6085, 26576.0, 4300, 2600, 146),
(1199.7109940000082, 6086, 26329.0, 4300, 2600, 147),
(1199.978117000006, 6091, 24357.0, 4300, 2600, 152),
(1200.1333339999983, 6094, 301438.5, 4300, 2600, 115),
(1200.19969400001, 6095, 440162.5, 4300, 2600, 116),
(1200.19969400001, 6095, 26579.0, 4300, 2600, 116),
(1207.8820669999986, 6097, 26581.0, 4300, 2600, 118),
(1207.9420130000071, 6098, 48720.0, 4300, 2600, 119),
(1208.0102199999965, 6099, 26577.0, 4300, 2600, 120),
(1208.12414, 6101, 26579.0, 4300, 2600, 122),
(1208.2439120000054, 6103, 22676.0, 4300, 2600, 124),
(1208.3060499999992, 6104, 52620.0, 4300, 2600, 125),
(1208.3770579999982, 6105, 52626.0, 4300, 2600, 126),
(1208.593630000003, 6109, 22682.0, 4300, 2600, 130),
(1208.6619780000037, 6110, 66944.0, 4300, 2600, 131),
(1208.7211059999972, 6111, 22674.0, 4300, 2600, 132),
(1208.7772019999975, 6112, 261632.0, 4300, 2600, 133),
(1208.8435610000015, 6113, 448452.0, 4300, 2600, 134),
(1208.8435610000015, 6113, 26576.0, 4300, 2600, 134),
(1216.6009100000083, 6117, 22664.0, 4300, 2600, 138),
(1216.6554840000026, 6118, 26572.0, 4300, 2600, 139),
(1216.760368000003, 6120, 22458.0, 4300, 2600, 141),
(1216.8205980000057, 6121, 26908.0, 4300, 2600, 142),
(1216.937684000004, 6123, 26579.0, 4300, 2600, 144),
(1217.0591750000021, 6125, 26576.0, 4300, 2600, 146),
(1217.1348010000074, 6126, 26329.0, 4300, 2600, 147),
(1217.4184830000013, 6131, 24357.0, 4300, 2600, 152),
(1217.633308999997, 6135, 66962.0, 4300, 2600, 116),
(1217.730991999997, 6136, 22656.0, 4300, 2600, 117),
(1217.8059400000056, 6137, 408311.25, 4300, 2600, 118),
(1217.9093710000016, 6138, 592944.5, 4300, 2600, 119),
(1217.9093710000016, 6138, 48702.0, 4300, 2600, 119),
(1225.5585189999983, 6139, 26577.0, 4300, 2600, 120),
(1225.6790639999963, 6141, 26579.0, 4300, 2600, 122),
(1225.7924159999966, 6143, 22694.0, 4300, 2600, 124),
(1225.858831999998, 6144, 52620.0, 4300, 2600, 125),
(1225.92987800001, 6145, 52626.0, 4300, 2600, 126),
(1226.1561920000095, 6149, 26579.0, 4300, 2600, 130),
(1226.2372980000073, 6150, 149814.0, 4300, 2600, 131),
(1226.318895999997, 6151, 94402.0, 4300, 2600, 132),
(1226.3870190000016, 6152, 22679.0, 4300, 2600, 133),
(1226.4515970000066, 6153, 26576.0, 4300, 2600, 134),
(1226.6922029999987, 6157, 22679.0, 4300, 2600, 138),
(1226.7468900000094, 6158, 26572.0, 4300, 2600, 139),
(1226.8766000000032, 6160, 22476.0, 4300, 2600, 141),
(1226.9439680000069, 6161, 26908.0, 4300, 2600, 142),
(1227.0630590000073, 6163, 26579.0, 4300, 2600, 144),
(1227.1848170000012, 6165, 26576.0, 4300, 2600, 146),
(1227.2600470000034, 6166, 26329.0, 4300, 2600, 147),
(1227.5425430000032, 6171, 24357.0, 4300, 2600, 152),
(1227.606977000003, 6172, 28842.0, 4300, 2800, 112),
(1227.6778480000066, 6173, 26576.0, 4300, 2800, 113),
(1227.7486910000007, 6174, 48740.0, 4300, 2800, 114),
(1227.8698440000007, 6176, 22665.0, 4300, 2800, 116),
(1227.9386760000052, 6177, 26575.0, 4300, 2800, 117),
(1228.018492999996, 6178, 26574.0, 4300, 2800, 118),
(1228.0855650000012, 6179, 26574.0, 4300, 2800, 119),
(1228.160235999996, 6180, 26574.0, 4300, 2800, 120),
(1228.2323009999964, 6181, 28842.0, 4300, 2800, 121),
(1228.3185440000088, 6182, 52617.0, 4300, 2800, 122),
(1228.3894569999975, 6183, 28842.0, 4300, 2800, 123),
(1228.4490150000056, 6184, 52617.0, 4300, 2800, 124),
(1228.5084080000088, 6185, 52617.0, 4300, 2800, 125),
(1228.5793050000066, 6186, 28842.0, 4300, 2800, 126),
(1228.6401190000033, 6187, 26575.0, 4300, 2800, 127),
(1228.714822000009, 6188, 22696.0, 4300, 2800, 128),
(1228.8369459999958, 6190, 22683.0, 4300, 2800, 130),
(1228.914327999999, 6191, 26574.0, 4300, 2800, 131),
(1228.9848860000056, 6192, 26573.0, 4300, 2800, 132),
(1229.0682340000058, 6193, 26573.0, 4300, 2800, 133),
(1229.1412010000058, 6194, 26573.0, 4300, 2800, 134),
(1229.2118020000053, 6195, 28840.0, 4300, 2800, 135),
(1229.3108619999985, 6197, 28840.0, 4300, 2800, 137),
(1229.3872609999962, 6198, 22679.0, 4300, 2800, 138),
(1229.4667000000045, 6199, 26905.0, 4300, 2800, 139),
(1229.5452159999986, 6200, 28842.0, 4300, 2800, 140),
(1229.6191749999998, 6201, 26905.0, 4300, 2800, 141),
(1229.695974000002, 6202, 26905.0, 4300, 2800, 142),
(1229.761009000009, 6203, 28842.0, 4300, 2800, 143),
(1229.818253999998, 6204, 26326.0, 4300, 2800, 144),
(1229.8784040000028, 6205, 28842.0, 4300, 2800, 145),
(1229.9340959999972, 6206, 26326.0, 4300, 2800, 146),
(1230.0035100000096, 6207, 26326.0, 4300, 2800, 147),
(1230.0740769999975, 6208, 28841.0, 4300, 2800, 148),
(1230.1817240000091, 6210, 28841.0, 4300, 2800, 150),
(1230.2492760000023, 6211, 26968.0, 4300, 2800, 151),
(1230.3169900000066, 6212, 26967.0, 4300, 2800, 152),
(1230.394232000006, 6213, 26576.0, 4300, 2800, 113),
(1230.479910000009, 6214, 48722.0, 4300, 2800, 114),
(1230.586077, 6216, 22683.0, 4300, 2800, 116),
(1230.6516560000018, 6217, 26575.0, 4300, 2800, 117),
(1230.7204829999973, 6218, 26574.0, 4300, 2800, 118),
(1230.7870170000097, 6219, 26574.0, 4300, 2800, 119),
(1230.8522880000091, 6220, 26574.0, 4300, 2800, 120),
(1230.919808000006, 6221, 28842.0, 4300, 2800, 121),
(1230.9969229999988, 6222, 52617.0, 4300, 2800, 122),
(1231.0679950000049, 6223, 28842.0, 4300, 2800, 123),
(1231.1487179999967, 6224, 52617.0, 4300, 2800, 124),
(1231.225516999999, 6225, 52617.0, 4300, 2800, 125),
(1231.2968430000037, 6226, 28842.0, 4300, 2800, 126),
(1231.377621000007, 6227, 26575.0, 4300, 2800, 127),
(1231.4486869999964, 6228, 22678.0, 4300, 2800, 128),
(1231.5551799999957, 6230, 22665.0, 4300, 2800, 130),
(1231.6185039999982, 6231, 26574.0, 4300, 2800, 131),
(1231.678052000003, 6232, 26573.0, 4300, 2800, 132),
(1231.7452420000045, 6233, 26573.0, 4300, 2800, 133),
(1231.8158289999992, 6234, 26573.0, 4300, 2800, 134),
(1231.8779610000056, 6235, 28840.0, 4300, 2800, 135),
(1231.997325999997, 6237, 28840.0, 4300, 2800, 137),
(1232.0682700000034, 6238, 22661.0, 4300, 2800, 138),
(1232.137385000009, 6239, 26905.0, 4300, 2800, 139),
(1232.207051999998, 6240, 28842.0, 4300, 2800, 140),
(1232.280209000004, 6241, 26905.0, 4300, 2800, 141),
(1232.3674390000087, 6242, 26905.0, 4300, 2800, 142),
(1232.4369000000006, 6243, 28842.0, 4300, 2800, 143),
(1232.510871999999, 6244, 26326.0, 4300, 2800, 144),
(1232.5746849999996, 6245, 28842.0, 4300, 2800, 145),
(1232.6393349999998, 6246, 26326.0, 4300, 2800, 146),
(1232.699038000006, 6247, 26326.0, 4300, 2800, 147),
(1232.768836999996, 6248, 28841.0, 4300, 2800, 148),
(1232.8707370000047, 6250, 28841.0, 4300, 2800, 150),
(1232.9340650000086, 6251, 26968.0, 4300, 2800, 151),
(1232.9953580000001, 6252, 26967.0, 4300, 2800, 152),
(1233.054655, 6253, 26576.0, 4300, 2800, 113),
(1233.1284929999965, 6254, 48740.0, 4300, 2800, 114),
(1233.2363630000036, 6256, 22665.0, 4300, 2800, 116),
(1233.298277000009, 6257, 26575.0, 4300, 2800, 117),
(1233.3675430000003, 6258, 26574.0, 4300, 2800, 118),
(1233.4312920000084, 6259, 26574.0, 4300, 2800, 119),
(1233.4968010000011, 6260, 26574.0, 4300, 2800, 120),
(1233.5682369999995, 6261, 28842.0, 4300, 2800, 121),
(1233.6376540000056, 6262, 52617.0, 4300, 2800, 122),
(1233.7162790000002, 6263, 28842.0, 4300, 2800, 123),
(1233.7771250000078, 6264, 52617.0, 4300, 2800, 124),
(1233.8344360000046, 6265, 52617.0, 4300, 2800, 125),
(1233.9036420000048, 6266, 28842.0, 4300, 2800, 126),
(1233.9716489999992, 6267, 26575.0, 4300, 2800, 127),
(1234.0548019999987, 6268, 22696.0, 4300, 2800, 128),
(1234.1769550000026, 6270, 22683.0, 4300, 2800, 130),
(1234.2438070000062, 6271, 26574.0, 4300, 2800, 131),
(1234.3113319999975, 6272, 26573.0, 4300, 2800, 132),
(1234.3790620000073, 6273, 26573.0, 4300, 2800, 133),
(1234.448629000006, 6274, 26573.0, 4300, 2800, 134),
(1234.5139219999983, 6275, 28840.0, 4300, 2800, 135),
(1234.6259980000032, 6277, 28840.0, 4300, 2800, 137),
(1234.6987360000057, 6278, 22679.0, 4300, 2800, 138),
(1234.7750919999962, 6279, 26905.0, 4300, 2800, 139),
(1234.8453670000017, 6280, 28842.0, 4300, 2800, 140),
(1234.917306000003, 6281, 26905.0, 4300, 2800, 141),
(1235.0291960000031, 6283, 28842.0, 4300, 2800, 143),
(1235.0949499999988, 6284, 26326.0, 4300, 2800, 144),
(1235.1650729999965, 6285, 28842.0, 4300, 2800, 145),
(1235.2262489999994, 6286, 26326.0, 4300, 2800, 146),
(1235.2883460000012, 6287, 26326.0, 4300, 2800, 147),
(1235.3609129999968, 6288, 28841.0, 4300, 2800, 148),
(1235.4855570000072, 6290, 28841.0, 4300, 2800, 150),
(1235.5556099999958, 6291, 26968.0, 4300, 2800, 151),
(1235.620452999996, 6292, 26967.0, 4300, 2800, 152),
(1235.7421770000074, 6294, 26574.0, 4300, 3000, 113),
(1235.8651030000037, 6296, 26574.0, 4300, 3000, 115),
(1236.4885920000088, 6308, 26573.0, 4300, 3000, 127),
(1236.6063819999981, 6310, 26573.0, 4300, 3000, 129),
(1237.7832230000058, 6334, 26574.0, 4300, 3000, 113),
(1237.8833610000001, 6336, 26574.0, 4300, 3000, 115),
(1238.4331190000084, 6348, 26573.0, 4300, 3000, 127),
(1238.5581010000024, 6350, 26573.0, 4300, 3000, 129),
(1239.6913700000005, 6374, 26574.0, 4300, 3000, 113),
(1239.8209769999958, 6376, 26574.0, 4300, 3000, 115),
(1240.4053339999955, 6388, 26573.0, 4300, 3000, 127),
(1240.520503000007, 6390, 26573.0, 4300, 3000, 129),
(1247.6071590000065, 6537, 28846.0, 4300, 2100, 114),
(1247.688427000001, 6538, 22683.0, 4300, 2100, 115),
(1247.7691880000057, 6539, 26595.0, 4300, 2100, 116),
(1247.8697050000046, 6541, 26597.0, 4300, 2100, 118),
(1247.9260869999998, 6542, 48702.0, 4300, 2100, 119),
(1247.9869140000083, 6543, 899964.75, 4300, 2100, 120),
(1248.139412000004, 6544, 1040288.0, 4300, 2100, 121),
(1248.139412000004, 6544, 52619.0, 4300, 2100, 121),
(1255.8057280000066, 6546, 52635.0, 4300, 2100, 123),
(1255.8799299999955, 6547, 22662.0, 4300, 2100, 124),
(1255.941154, 6548, 52620.0, 4300, 2100, 125),
(1256.009401999996, 6549, 52626.0, 4300, 2100, 126),
(1256.1338590000087, 6551, 28846.0, 4300, 2100, 128),
(1256.2125870000018, 6552, 22683.0, 4300, 2100, 129),
(1256.279190000001, 6553, 26595.0, 4300, 2100, 130),
(1256.3451300000015, 6554, 254593.75, 4300, 2100, 131),
(1256.4047490000085, 6555, 385961.25, 4300, 2100, 132),
(1256.4047490000085, 6555, 22681.0, 4300, 2100, 132),
(1264.1584680000087, 6556, 22679.0, 4300, 2100, 133),
(1264.2303700000048, 6557, 945503.0, 4300, 2100, 134),
(1264.3870730000053, 6558, 1128881.0, 4300, 2100, 135),
(1272.2065220000077, 6561, 22666.0, 4300, 2100, 138),
(1272.2589589999989, 6562, 258231.0, 4300, 2100, 139),
(1272.3207260000054, 6563, 360086.75, 4300, 2100, 140),
(1272.3207260000054, 6563, 1058406.5, 4300, 2100, 140),
(1280.0108290000062, 6564, 1277796.0, 4300, 2100, 141),
(1280.0108290000062, 6564, 22476.0, 4300, 2100, 141),
(1287.6578040000022, 6565, 958757.75, 4300, 2100, 142),
(1287.8169170000037, 6566, 1112126.0, 4300, 2100, 143),
(1295.4754229999962, 6569, 22742.0, 4300, 2100, 146),
(1295.5389940000023, 6570, 26329.0, 4300, 2100, 147),
(1295.7074460000003, 6573, 28889.0, 4300, 2100, 150),
(1295.7852779999957, 6574, 339161.75, 4300, 2100, 151),
(1295.8604100000084, 6575, 516900.0, 4300, 2100, 152),
(1295.8604100000084, 6575, 24367.0, 4300, 2100, 152),
(1303.5237290000077, 6577, 28846.0, 4300, 2100, 114),
(1303.5877480000054, 6578, 22683.0, 4300, 2100, 115),
(1303.650483999998, 6579, 26595.0, 4300, 2100, 116),
(1303.7719720000023, 6581, 26597.0, 4300, 2100, 118),
(1303.834016000008, 6582, 48702.0, 4300, 2100, 119),
(1303.8946589999978, 6583, 26577.0, 4300, 2100, 120),
(1303.960500000001, 6584, 52619.0, 4300, 2100, 121),
(1304.070934999996, 6586, 52635.0, 4300, 2100, 123),
(1304.134711000006, 6587, 22680.0, 4300, 2100, 124),
(1304.2090089999983, 6588, 957448.0, 4300, 2100, 125),
(1304.3745690000069, 6589, 1114837.75, 4300, 2100, 126),
(1304.3745690000069, 6589, 52626.0, 4300, 2100, 126),
(1312.0440890000027, 6591, 28846.0, 4300, 2100, 128),
(1312.1103790000052, 6592, 22683.0, 4300, 2100, 129),
(1312.169366000002, 6593, 26595.0, 4300, 2100, 130),
(1312.2466320000094, 6594, 276321.75, 4300, 2100, 131),
(1312.313930000004, 6595, 425432.5, 4300, 2100, 132),
(1312.313930000004, 6595, 22681.0, 4300, 2100, 132),
(1319.9277450000081, 6596, 22679.0, 4300, 2100, 133),
(1319.9874479999999, 6597, 26576.0, 4300, 2100, 134),
(1320.1414760000043, 6600, 28847.0, 4300, 2100, 137),
(1320.208473000006, 6601, 22684.0, 4300, 2100, 138),
(1320.3092270000052, 6603, 954773.75, 4300, 2100, 140),
(1320.471212999997, 6604, 1114893.75, 4300, 2100, 141),
(1320.471212999997, 6604, 22458.0, 4300, 2100, 141),
(1328.0263620000042, 6605, 812528.0, 4300, 2100, 142),
(1328.1634290000075, 6606, 938428.5, 4300, 2100, 143),
(1335.8261420000053, 6609, 22742.0, 4300, 2100, 146),
(1335.888518000007, 6610, 26329.0, 4300, 2100, 147),
(1336.1079600000085, 6614, 257067.25, 4300, 2100, 151),
(1336.166459, 6615, 356409.75, 4300, 2100, 152),
(1336.166459, 6615, 24367.0, 4300, 2100, 152),
(1343.7706000000035, 6617, 28846.0, 4300, 2100, 114),
(1343.8414080000075, 6618, 22683.0, 4300, 2100, 115),
(1343.9091069999995, 6619, 26595.0, 4300, 2100, 116),
(1344.0181759999978, 6621, 26597.0, 4300, 2100, 118),
(1344.0877760000003, 6622, 48702.0, 4300, 2100, 119),
(1344.1659000000072, 6623, 26577.0, 4300, 2100, 120),
(1344.237202000004, 6624, 52619.0, 4300, 2100, 121),
(1344.3565420000086, 6626, 28845.0, 4300, 2100, 123),
(1344.4449109999987, 6627, 22680.0, 4300, 2100, 124),
(1344.5283590000035, 6628, 890243.25, 4300, 2100, 125),
(1344.6844640000054, 6629, 1061645.0, 4300, 2100, 126),
(1344.6844640000054, 6629, 52626.0, 4300, 2100, 126),
(1352.3427970000048, 6631, 28846.0, 4300, 2100, 128),
(1352.4051710000058, 6632, 22665.0, 4300, 2100, 129),
(1352.467260000005, 6633, 26595.0, 4300, 2100, 130),
(1352.5440499999968, 6634, 295666.0, 4300, 2100, 131),
(1352.6146860000008, 6635, 432778.0, 4300, 2100, 132),
(1352.6146860000008, 6635, 22681.0, 4300, 2100, 132),
(1360.1780430000072, 6636, 22679.0, 4300, 2100, 133),
(1360.2394170000043, 6637, 824378.25, 4300, 2100, 134),
(1360.384646000006, 6638, 969456.5, 4300, 2100, 135),
(1368.0471740000066, 6641, 22666.0, 4300, 2100, 138),
(1368.1389280000003, 6643, 841478.75, 4300, 2100, 140),
(1368.2883779999975, 6644, 982299.5, 4300, 2100, 141),
(1368.2883779999975, 6644, 22458.0, 4300, 2100, 141),
(1375.9058309999964, 6645, 837776.75, 4300, 2100, 142),
(1376.0483340000064, 6646, 962035.75, 4300, 2100, 143),
(1383.6418790000025, 6649, 22742.0, 4300, 2100, 146),
(1383.705289999998, 6650, 26329.0, 4300, 2100, 147),
(1383.86886100001, 6653, 28889.0, 4300, 2100, 150),
(1383.9458030000096, 6654, 317452.75, 4300, 2100, 151),
(1384.01881400001, 6655, 428686.5, 4300, 2100, 152),
(1384.01881400001, 6655, 24367.0, 4300, 2100, 152),
(1397.241737999997, 6777, 326456.75, 4300, 2300, 112),
(1397.313273000007, 6778, 455780.75, 4300, 2300, 113),
(1397.313273000007, 6778, 22683.0, 4300, 2300, 113),
(1405.0271150000044, 6782, 50010.0, 4300, 2300, 117),
(1405.090504000007, 6783, 50010.0, 4300, 2300, 118),
(1405.3490220000094, 6788, 197930.0, 4300, 2300, 123),
(1405.4189820000029, 6789, 22681.0, 4300, 2300, 124),
(1405.5214110000088, 6791, 26574.0, 4300, 2300, 126),
(1405.5987850000092, 6792, 345735.25, 4300, 2300, 127),
(1405.6712220000045, 6793, 476050.0, 4300, 2300, 128),
(1413.4497830000037, 6799, 283811.5, 4300, 2300, 134),
(1413.5273989999987, 6800, 420866.5, 4300, 2300, 135),
(1421.079288000008, 6802, 175474.0, 4300, 2300, 137),
(1421.1379920000036, 6803, 532.0, 4300, 2300, 138),
(1421.2412250000052, 6805, 22662.0, 4300, 2300, 140),
(1421.6396260000038, 6813, 22434.0, 4300, 2300, 148),
(1421.7903880000085, 6816, 295723.5, 4300, 2300, 151),
(1421.8586749999959, 6817, 395109.25, 4300, 2300, 152),
(1421.8586749999959, 6817, 320638.75, 4300, 2300, 152),
(1429.406925000003, 6818, 469607.5, 4300, 2300, 113),
(1437.1414990000048, 6823, 52620.0, 4300, 2300, 118),
(1437.3740760000073, 6828, 50011.0, 4300, 2300, 123),
(1437.5590539999976, 6832, 340064.5, 4300, 2300, 127),
(1437.6321600000083, 6833, 435572.75, 4300, 2300, 128),
(1445.3778710000042, 6838, 8492621.0, 4300, 2300, 133),
(1446.5602930000023, 6839, 8600485.0, 4300, 2300, 134),
(1454.1789310000022, 6842, 175510.0, 4300, 2300, 137),
(1454.257513000004, 6843, 532.0, 4300, 2300, 138),
(1454.6957930000062, 6852, 868169.0, 4300, 2300, 147),
(1454.843498000002, 6853, 1018185.0, 4300, 2300, 148),
(1462.5123140000069, 6856, 275522.75, 4300, 2300, 151),
(1462.5763279999956, 6857, 370211.25, 4300, 2300, 152),
(1470.0906079999986, 6858, 310669.25, 4300, 2300, 113),
(1470.1656870000006, 6859, 416233.0, 4300, 2300, 114),
(1477.9592269999994, 6866, 48704.0, 4300, 2300, 121),
(1478.1802840000018, 6870, 22663.0, 4300, 2300, 125),
(1478.286653999996, 6872, 359159.0, 4300, 2300, 127),
(1478.365306000007, 6873, 479740.25, 4300, 2300, 128),
(1486.2719690000085, 6881, 22665.0, 4300, 2300, 136),
(1486.467094000007, 6885, 22683.0, 4300, 2300, 140),
(1486.5418630000058, 6886, 307734.5, 4300, 2300, 141),
(1486.6098300000012, 6887, 481779.75, 4300, 2300, 142),
(1494.311692000003, 6891, 23717.0, 4300, 2300, 146),
(1494.5324640000035, 6895, 22683.0, 4300, 2300, 150),
(1494.5840279999975, 6896, 307710.75, 4300, 2300, 151),
(1494.6575060000032, 6897, 419277.25, 4300, 2300, 152),
(1494.6575060000032, 6897, 326254.5, 4300, 2300, 152),
(1502.1881280000089, 6898, 432829.0, 4300, 2400, 112),
(1502.1881280000089, 6898, 295652.5, 4300, 2400, 112),
(1509.730540000004, 6899, 413060.25, 4300, 2400, 113),
(1509.730540000004, 6899, 302857.0, 4300, 2400, 113),
(1517.3141310000065, 6900, 423700.0, 4300, 2400, 114),
(1517.3141310000065, 6900, 22669.0, 4300, 2400, 114),
(1524.8695120000048, 6901, 22683.0, 4300, 2400, 115),
(1524.9288369999995, 6902, 52624.0, 4300, 2400, 116),
(1525.0378920000076, 6904, 26582.0, 4300, 2400, 118),
(1525.0989470000059, 6905, 868507.0, 4300, 2400, 119),
(1525.2417700000078, 6906, 1028593.5, 4300, 2400, 120),
(1532.765922000006, 6907, 48722.0, 4300, 2400, 121),
(1532.8761000000086, 6909, 48727.0, 4300, 2400, 123),
(1532.941015000004, 6910, 858607.5, 4300, 2400, 124),
(1533.0855470000097, 6911, 985041.25, 4300, 2400, 125),
(1540.6077360000054, 6912, 48725.0, 4300, 2400, 126),
(1540.6802330000064, 6913, 305290.75, 4300, 2400, 127),
(1540.746775000007, 6914, 431902.75, 4300, 2400, 128),
(1540.746775000007, 6914, 22669.0, 4300, 2400, 128),
(1548.313553, 6915, 22683.0, 4300, 2400, 129),
(1548.3790609999996, 6916, 26580.0, 4300, 2400, 130),
(1548.441135000001, 6917, 860004.75, 4300, 2400, 131),
(1548.587857000006, 6918, 1028460.75, 4300, 2400, 132),
(1556.2287219999998, 6919, 883798.25, 4300, 2400, 133),
(1556.3806940000068, 6920, 1048120.75, 4300, 2400, 134),
(1563.940551000007, 6921, 22681.0, 4300, 2400, 135),
(1564.0512480000034, 6923, 22664.0, 4300, 2400, 137),
(1564.1221550000046, 6924, 26577.0, 4300, 2400, 138),
(1564.2275530000043, 6926, 22684.0, 4300, 2400, 140),
(1564.2933560000092, 6927, 872400.25, 4300, 2400, 141),
(1564.4402629999968, 6928, 990583.25, 4300, 2400, 142),
(1572.0209020000038, 6929, 22413.0, 4300, 2400, 143),
(1572.1375130000088, 6931, 897772.5, 4300, 2400, 145),
(1572.288373000003, 6932, 1058689.5, 4300, 2400, 146),
(1572.288373000003, 6932, 853443.25, 4300, 2400, 146),
(1579.9551340000035, 6933, 985985.5, 4300, 2400, 147),
(1587.6044059999986, 6934, 22416.0, 4300, 2400, 148),
(1587.6726170000038, 6935, 859311.0, 4300, 2400, 149),
(1587.8211500000034, 6936, 1092238.5, 4300, 2400, 150),
(1587.8211500000034, 6936, 22731.0, 4300, 2400, 150),
(1595.5184010000085, 6938, 26644.0, 4300, 2400, 152),
(1595.590148000003, 6939, 280825.25, 4300, 2400, 113),
(1595.6733329999988, 6940, 386815.75, 4300, 2400, 114),
(1595.6733329999988, 6940, 22669.0, 4300, 2400, 114),
(1603.304986999996, 6941, 22683.0, 4300, 2400, 115),
(1603.369743999996, 6942, 52629.0, 4300, 2400, 116),
(1603.4287710000062, 6943, 861233.5, 4300, 2400, 117),
(1603.5721389999962, 6944, 1018031.75, 4300, 2400, 118),
(1603.5721389999962, 6944, 26582.0, 4300, 2400, 118),
(1611.1832460000005, 6945, 902373.75, 4300, 2400, 119),
(1611.330759999997, 6946, 1039334.5, 4300, 2400, 120),
(1618.9315050000005, 6947, 48722.0, 4300, 2400, 121),
(1619.04484100001, 6949, 48727.0, 4300, 2400, 123),
(1619.115088000006, 6950, 871836.0, 4300, 2400, 124),
(1619.2768880000076, 6951, 1036593.75, 4300, 2400, 125),
(1626.900794000001, 6952, 48725.0, 4300, 2400, 126),
(1626.9613539999991, 6953, 269910.25, 4300, 2400, 127),
(1627.0282690000022, 6954, 387875.25, 4300, 2400, 128),
(1627.0282690000022, 6954, 22669.0, 4300, 2400, 128),
(1634.6303230000049, 6955, 22683.0, 4300, 2400, 129),
(1634.691405000005, 6956, 26580.0, 4300, 2400, 130),
(1634.7595759999967, 6957, 895750.0, 4300, 2400, 131),
(1634.9072989999986, 6958, 1021248.0, 4300, 2400, 132),
(1642.527998999998, 6959, 994466.75, 4300, 2400, 133),
(1642.6953159999975, 6960, 1227137.25, 4300, 2400, 134),
(1650.2951299999986, 6961, 22681.0, 4300, 2400, 135),
(1650.4048089999997, 6963, 22664.0, 4300, 2400, 137),
(1650.4691989999992, 6964, 26577.0, 4300, 2400, 138),
(1650.5790689999994, 6966, 928906.0, 4300, 2400, 140),
(1650.7335290000046, 6967, 1061448.75, 4300, 2400, 141),
(1650.7335290000046, 6967, 934308.75, 4300, 2400, 141),
(1658.437518000006, 6968, 1070652.75, 4300, 2400, 142),
(1666.0770570000022, 6969, 22413.0, 4300, 2400, 143),
(1666.1809199999989, 6971, 927051.75, 4300, 2400, 145),
(1666.3385149999958, 6972, 1035963.75, 4300, 2400, 146),
(1666.3385149999958, 6972, 1002139.75, 4300, 2400, 146),
(1673.9971860000078, 6973, 1131276.0, 4300, 2400, 147),
(1681.6082920000044, 6974, 22434.0, 4300, 2400, 148),
(1681.6807899999985, 6975, 932117.25, 4300, 2400, 149),
(1681.8377699999983, 6976, 1057785.5, 4300, 2400, 150),
(1681.8377699999983, 6976, 22749.0, 4300, 2400, 150),
(1689.5127710000088, 6977, 1009030.0, 4300, 2400, 151),
(1689.6799109999993, 6978, 1162706.5, 4300, 2400, 152),
(1689.6799109999993, 6978, 26644.0, 4300, 2400, 152),
(1697.37898400001, 6979, 362037.5, 4300, 2400, 113),
(1697.4709589999984, 6980, 474209.0, 4300, 2400, 114),
(1697.4709589999984, 6980, 22669.0, 4300, 2400, 114),
(1705.2570930000074, 6981, 22683.0, 4300, 2400, 115),
(1705.3238330000022, 6982, 52624.0, 4300, 2400, 116),
(1705.3934279999958, 6983, 936287.25, 4300, 2400, 117),
(1705.5563170000096, 6984, 1131613.5, 4300, 2400, 118),
(1705.5563170000096, 6984, 26582.0, 4300, 2400, 118),
(1713.2311270000064, 6985, 852110.75, 4300, 2400, 119),
(1713.3752160000004, 6986, 977725.0, 4300, 2400, 120),
(1720.9831819999963, 6987, 48722.0, 4300, 2400, 121),
(1721.103661000001, 6989, 876635.5, 4300, 2400, 123),
(1721.2572780000046, 6990, 1001700.75, 4300, 2400, 124),
(1721.2572780000046, 6990, 867223.0, 4300, 2400, 124),
(1728.9658270000073, 6991, 1006204.75, 4300, 2400, 125),
(1736.5577380000032, 6992, 48725.0, 4300, 2400, 126),
(1736.6251540000085, 6993, 270812.25, 4300, 2400, 127),
(1736.686262000003, 6994, 395474.25, 4300, 2400, 128),
(1736.686262000003, 6994, 22669.0, 4300, 2400, 128),
(1744.254356999998, 6995, 22683.0, 4300, 2400, 129),
(1744.3194800000056, 6996, 26580.0, 4300, 2400, 130),
(1744.3835919999983, 6997, 149814.0, 4300, 2400, 131),
(1744.5068790000078, 6999, 882782.0, 4300, 2400, 133),
(1744.6565720000071, 7000, 1017597.75, 4300, 2400, 134),
(1752.2022149999975, 7001, 22681.0, 4300, 2400, 135),
(1752.316380999997, 7003, 22664.0, 4300, 2400, 137),
(1752.376455000005, 7004, 26577.0, 4300, 2400, 138),
(1752.478237999996, 7006, 22684.0, 4300, 2400, 140),
(1752.5397789999988, 7007, 843954.75, 4300, 2400, 141),
(1752.6864480000077, 7008, 973085.0, 4300, 2400, 142),
(1760.212062999999, 7009, 22413.0, 4300, 2400, 143),
(1760.3223100000032, 7011, 850300.0, 4300, 2400, 145),
(1760.4742540000007, 7012, 964377.25, 4300, 2400, 146),
(1760.4742540000007, 7012, 828141.5, 4300, 2400, 146),
(1768.1024840000027, 7013, 968480.5, 4300, 2400, 147),
(1775.6022050000029, 7014, 22416.0, 4300, 2400, 148),
(1775.6709220000048, 7015, 848136.0, 4300, 2400, 149),
(1775.8148199999996, 7016, 1015416.5, 4300, 2400, 150),
(1775.8148199999996, 7016, 22749.0, 4300, 2400, 150),
(1783.4019830000034, 7017, 894908.0, 4300, 2400, 151),
(1783.5522730000084, 7018, 1035101.5, 4300, 2400, 152),
(1783.5522730000084, 7018, 26644.0, 4300, 2400, 152),
(1796.8920690000086, 7144, 26579.0, 4300, 2600, 116),
(1797.017194, 7146, 26581.0, 4300, 2600, 118),
(1797.080129000009, 7147, 48702.0, 4300, 2600, 119),
(1797.1514080000052, 7148, 26577.0, 4300, 2600, 120),
(1797.271246999997, 7150, 26579.0, 4300, 2600, 122),
(1797.396590000004, 7152, 22694.0, 4300, 2600, 124),
(1797.4633319999994, 7153, 52620.0, 4300, 2600, 125),
(1797.537645999997, 7154, 52626.0, 4300, 2600, 126),
(1797.7579410000035, 7158, 26579.0, 4300, 2600, 130),
(1797.8213079999987, 7159, 149814.0, 4300, 2600, 131),
(1797.9003260000027, 7160, 94402.0, 4300, 2600, 132),
(1797.9681710000004, 7161, 22679.0, 4300, 2600, 133),
(1798.0370390000026, 7162, 26576.0, 4300, 2600, 134),
(1798.2799289999966, 7166, 22664.0, 4300, 2600, 138),
(1798.3324859999993, 7167, 26572.0, 4300, 2600, 139),
(1798.4278659999982, 7169, 22458.0, 4300, 2600, 141),
(1798.5000440000003, 7170, 26908.0, 4300, 2600, 142),
(1798.6224720000027, 7172, 26579.0, 4300, 2600, 144),
(1798.7417399999977, 7174, 26576.0, 4300, 2600, 146),
(1798.8058029999956, 7175, 26329.0, 4300, 2600, 147),
(1799.0906740000064, 7180, 24357.0, 4300, 2600, 152),
(1799.2365520000021, 7183, 22665.0, 4300, 2600, 115),
(1799.302475000004, 7184, 26579.0, 4300, 2600, 116),
(1799.4173890000093, 7186, 26581.0, 4300, 2600, 118),
(1799.4781999999977, 7187, 48702.0, 4300, 2600, 119),
(1799.5475420000002, 7188, 26577.0, 4300, 2600, 120),
(1799.664088000005, 7190, 26579.0, 4300, 2600, 122),
(1799.7793180000008, 7192, 22694.0, 4300, 2600, 124),
(1799.8510689999966, 7193, 52620.0, 4300, 2600, 125),
(1799.918571000002, 7194, 52626.0, 4300, 2600, 126),
(1800.076138000004, 7197, 176139.0, 4300, 2600, 129),
(1800.1511820000014, 7198, 26579.0, 4300, 2600, 130),
(1800.2183119999972, 7199, 70975.0, 4300, 2600, 131),
(1800.2828100000042, 7200, 94402.0, 4300, 2600, 132),
(1800.3578260000068, 7201, 22679.0, 4300, 2600, 133),
(1800.4228240000084, 7202, 26576.0, 4300, 2600, 134),
(1800.6648010000063, 7206, 22664.0, 4300, 2600, 138),
(1800.7163180000061, 7207, 26572.0, 4300, 2600, 139),
(1800.8230760000006, 7209, 22458.0, 4300, 2600, 141),
(1800.889068000004, 7210, 26908.0, 4300, 2600, 142),
(1801.0102110000007, 7212, 26579.0, 4300, 2600, 144),
(1801.1235520000046, 7214, 26576.0, 4300, 2600, 146),
(1801.1981689999957, 7215, 26329.0, 4300, 2600, 147),
(1801.4670400000032, 7220, 24357.0, 4300, 2600, 152),
(1801.6072530000092, 7223, 272680.75, 4300, 2600, 115),
(1801.6731560000044, 7224, 415277.25, 4300, 2600, 116),
(1801.6731560000044, 7224, 26579.0, 4300, 2600, 116),
(1809.3986270000023, 7226, 26581.0, 4300, 2600, 118),
(1809.4757649999956, 7227, 48720.0, 4300, 2600, 119),
(1809.5399670000043, 7228, 26577.0, 4300, 2600, 120),
(1809.7299889999995, 7232, 22676.0, 4300, 2600, 124),
(1809.793067999999, 7233, 52620.0, 4300, 2600, 125),
(1809.8521460000047, 7234, 52626.0, 4300, 2600, 126),
(1809.9959320000053, 7237, 176139.0, 4300, 2600, 129),
(1810.0671500000026, 7238, 26579.0, 4300, 2600, 130),
(1810.135724000007, 7239, 149814.0, 4300, 2600, 131),
(1810.198316000009, 7240, 94402.0, 4300, 2600, 132),
(1810.2582750000001, 7241, 22661.0, 4300, 2600, 133),
(1810.323635000008, 7242, 26576.0, 4300, 2600, 134),
(1810.5553670000081, 7246, 22682.0, 4300, 2600, 138),
(1810.6923570000072, 7249, 22458.0, 4300, 2600, 141),
(1810.761685999998, 7250, 26908.0, 4300, 2600, 142),
(1810.8550039999973, 7252, 26579.0, 4300, 2600, 144),
(1810.9573130000063, 7254, 26576.0, 4300, 2600, 146),
(1811.0105160000094, 7255, 26329.0, 4300, 2600, 147),
(1811.2525210000022, 7260, 24357.0, 4300, 2600, 152),
(1811.3070630000002, 7261, 826720.25, 4300, 2700, 112),
(1811.4484470000025, 7262, 938091.25, 4300, 2700, 113),
(1811.4484470000025, 7262, 22663.0, 4300, 2700, 113),
(1819.0889980000065, 7263, 811553.5, 4300, 2700, 114),
(1819.2288160000026, 7264, 943129.75, 4300, 2700, 115),
(1819.2288160000026, 7264, 22698.0, 4300, 2700, 115),
(1826.8697910000046, 7265, 22656.0, 4300, 2700, 116),
(1826.9305319999985, 7266, 52640.0, 4300, 2700, 117),
(1826.998934999996, 7267, 22679.0, 4300, 2700, 118),
(1827.061944000001, 7268, 26574.0, 4300, 2700, 119),
(1827.159175000008, 7270, 830757.5, 4300, 2700, 121),
(1827.2987960000028, 7271, 949161.25, 4300, 2700, 122),
(1827.2987960000028, 7271, 52617.0, 4300, 2700, 122),
(1834.8513059999968, 7272, 886551.5, 4300, 2700, 123),
(1834.999337000001, 7273, 1032900.0, 4300, 2700, 124),
(1834.999337000001, 7273, 52617.0, 4300, 2700, 124),
(1842.6013910000038, 7275, 857383.25, 4300, 2700, 126),
(1842.7471210000076, 7276, 1027406.25, 4300, 2700, 127),
(1842.7471210000076, 7276, 22681.0, 4300, 2700, 127),
(1850.318272000004, 7277, 889534.25, 4300, 2700, 128),
(1850.4735789999977, 7278, 1014495.5, 4300, 2700, 129),
(1850.4735789999977, 7278, 22697.0, 4300, 2700, 129),
(1858.052330000006, 7279, 22673.0, 4300, 2700, 130),
(1858.1146500000032, 7280, 26596.0, 4300, 2700, 131),
(1858.1790390000097, 7281, 22678.0, 4300, 2700, 132),
(1858.2417280000082, 7282, 26573.0, 4300, 2700, 133),
(1858.3512740000006, 7284, 882147.5, 4300, 2700, 135),
(1858.499960000001, 7285, 1004896.25, 4300, 2700, 136),
(1858.499960000001, 7285, 22428.0, 4300, 2700, 136),
(1866.0421230000065, 7286, 878716.5, 4300, 2700, 137),
(1866.194524999999, 7287, 1011738.5, 4300, 2700, 138),
(1866.194524999999, 7287, 22676.0, 4300, 2700, 138),
(1873.7366699999984, 7288, 26905.0, 4300, 2700, 139),
(1873.7984810000053, 7289, 866643.75, 4300, 2700, 140),
(1873.9496240000008, 7290, 997017.75, 4300, 2700, 141),
(1873.9496240000008, 7290, 26905.0, 4300, 2700, 141),
(1881.5290650000097, 7292, 838818.75, 4300, 2700, 143),
(1881.6690210000088, 7293, 993679.5, 4300, 2700, 144),
(1881.6690210000088, 7293, 26326.0, 4300, 2700, 144),
(1889.2295799999993, 7294, 828588.75, 4300, 2700, 145),
(1889.369921000005, 7295, 974938.25, 4300, 2700, 146),
(1889.369921000005, 7295, 26326.0, 4300, 2700, 146),
(1896.9544170000008, 7297, 853036.25, 4300, 2700, 148),
(1897.0960950000008, 7298, 985058.25, 4300, 2700, 149),
(1897.0960950000008, 7298, 22416.0, 4300, 2700, 149),
(1904.6330310000048, 7299, 826061.5, 4300, 2700, 150),
(1904.7785270000022, 7300, 1004526.0, 4300, 2700, 151),
(1904.7785270000022, 7300, 26984.0, 4300, 2700, 151),
(1912.3813690000097, 7302, 22663.0, 4300, 2700, 113),
(1912.4522560000041, 7303, 864719.0, 4300, 2700, 114),
(1912.6023879999993, 7304, 1009912.25, 4300, 2700, 115),
(1912.6023879999993, 7304, 22698.0, 4300, 2700, 115),
(1920.2005320000026, 7305, 22656.0, 4300, 2700, 116),
(1920.2623880000028, 7306, 52640.0, 4300, 2700, 117),
(1920.3322800000024, 7307, 22679.0, 4300, 2700, 118),
(1920.401475999999, 7308, 26574.0, 4300, 2700, 119),
(1920.5046419999999, 7310, 900392.0, 4300, 2700, 121),
(1920.662891, 7311, 1056007.0, 4300, 2700, 122),
(1920.662891, 7311, 52617.0, 4300, 2700, 122),
(1928.2444939999987, 7312, 851927.5, 4300, 2700, 123),
(1928.3896470000036, 7313, 974058.75, 4300, 2700, 124),
(1928.3896470000036, 7313, 52617.0, 4300, 2700, 124),
(1936.0077290000045, 7315, 863910.75, 4300, 2700, 126),
(1936.1546630000084, 7316, 996084.0, 4300, 2700, 127),
(1936.1546630000084, 7316, 22663.0, 4300, 2700, 127),
(1943.7310910000087, 7317, 865461.25, 4300, 2700, 128),
(1943.8776389999985, 7318, 1015793.0, 4300, 2700, 129),
(1943.8776389999985, 7318, 22680.0, 4300, 2700, 129),
(1951.4344980000023, 7319, 22673.0, 4300, 2700, 130),
(1951.4972039999993, 7320, 26596.0, 4300, 2700, 131),
(1951.558216999998, 7321, 22678.0, 4300, 2700, 132),
(1951.6223049999971, 7322, 26573.0, 4300, 2700, 133),
(1951.731104999999, 7324, 870354.25, 4300, 2700, 135),
(1951.8779460000078, 7325, 1038239.5, 4300, 2700, 136),
(1951.8779460000078, 7325, 22428.0, 4300, 2700, 136),
(1959.4360420000012, 7326, 849761.25, 4300, 2700, 137),
(1959.5809339999978, 7327, 982266.5, 4300, 2700, 138),
(1959.5809339999978, 7327, 22676.0, 4300, 2700, 138),
(1967.1177200000093, 7328, 26905.0, 4300, 2700, 139),
(1967.1780839999992, 7329, 849218.0, 4300, 2700, 140),
(1967.3309840000002, 7330, 1061462.75, 4300, 2700, 141),
(1967.3309840000002, 7330, 26905.0, 4300, 2700, 141),
(1974.9572909999988, 7332, 843432.25, 4300, 2700, 143),
(1975.0972299999994, 7333, 956494.0, 4300, 2700, 144),
(1975.0972299999994, 7333, 26326.0, 4300, 2700, 144),
(1982.6651379999967, 7334, 859858.75, 4300, 2700, 145),
(1982.8115749999997, 7335, 1004402.25, 4300, 2700, 146),
(1982.8115749999997, 7335, 26326.0, 4300, 2700, 146),
(1990.392537000007, 7337, 817915.75, 4300, 2700, 148),
(1990.5310299999983, 7338, 1050701.25, 4300, 2700, 149),
(1990.5310299999983, 7338, 22416.0, 4300, 2700, 149),
(1998.117935000002, 7339, 826883.75, 4300, 2700, 150),
(1998.2587429999985, 7340, 943034.0, 4300, 2700, 151),
(1998.2587429999985, 7340, 26984.0, 4300, 2700, 151),
(2005.8447779999988, 7342, 22663.0, 4300, 2700, 113),
(2005.9150059999956, 7343, 848835.25, 4300, 2700, 114),
(2006.0592310000065, 7344, 980633.75, 4300, 2700, 115),
(2006.0592310000065, 7344, 22698.0, 4300, 2700, 115),
(2013.5716170000087, 7345, 22656.0, 4300, 2700, 116),
(2013.633295000007, 7346, 52640.0, 4300, 2700, 117),
(2013.694147000002, 7347, 22679.0, 4300, 2700, 118),
(2013.7613160000037, 7348, 26574.0, 4300, 2700, 119),
(2013.8760489999986, 7350, 880120.75, 4300, 2700, 121),
(2014.0249560000084, 7351, 1009009.75, 4300, 2700, 122),
(2014.0249560000084, 7351, 52617.0, 4300, 2700, 122),
(2021.590777999998, 7352, 835159.25, 4300, 2700, 123),
(2021.7322430000058, 7353, 924298.0, 4300, 2700, 124),
(2021.7322430000058, 7353, 52617.0, 4300, 2700, 124),
(2029.335579999999, 7355, 868755.5, 4300, 2700, 126),
(2029.4810200000065, 7356, 1004381.25, 4300, 2700, 127),
(2029.4810200000065, 7356, 22663.0, 4300, 2700, 127),
(2037.054627999998, 7357, 902922.25, 4300, 2700, 128),
(2037.2099400000006, 7358, 1122194.25, 4300, 2700, 129),
(2037.2099400000006, 7358, 22698.0, 4300, 2700, 129),
(2044.797623999999, 7359, 22655.0, 4300, 2700, 130),
(2044.8596950000065, 7360, 26596.0, 4300, 2700, 131),
(2044.924125000005, 7361, 22660.0, 4300, 2700, 132),
(2044.9958290000068, 7362, 26573.0, 4300, 2700, 133),
(2045.1032180000038, 7364, 931239.5, 4300, 2700, 135),
(2045.2654639999964, 7365, 1059436.0, 4300, 2700, 136),
(2045.2654639999964, 7365, 22428.0, 4300, 2700, 136),
(2052.8149249999988, 7366, 851968.25, 4300, 2700, 137),
(2052.9606159999967, 7367, 1002635.5, 4300, 2700, 138),
(2052.9606159999967, 7367, 22676.0, 4300, 2700, 138),
(2060.526066999999, 7368, 26905.0, 4300, 2700, 139),
(2060.5871069999994, 7369, 826726.0, 4300, 2700, 140),
(2060.7265009999974, 7370, 959311.0, 4300, 2700, 141),
(2060.7265009999974, 7370, 26905.0, 4300, 2700, 141),
(2068.3536529999983, 7372, 826582.0, 4300, 2700, 143),
(2068.494881000006, 7373, 970724.75, 4300, 2700, 144),
(2068.494881000006, 7373, 26326.0, 4300, 2700, 144),
(2076.067181999999, 7374, 872774.0, 4300, 2700, 145),
(2076.212725000005, 7375, 994271.0, 4300, 2700, 146),
(2076.212725000005, 7375, 26326.0, 4300, 2700, 146),
(2083.7946740000043, 7377, 838708.5, 4300, 2700, 148),
(2083.946366999997, 7378, 961228.0, 4300, 2700, 149),
(2083.946366999997, 7378, 22416.0, 4300, 2700, 149),
(2091.4909440000047, 7379, 795894.5, 4300, 2700, 150),
(2091.627613000004, 7380, 965736.75, 4300, 2700, 151),
(2091.627613000004, 7380, 26984.0, 4300, 2700, 151),
(2099.2626410000084, 7382, 28842.0, 4300, 2800, 112),
(2099.328020000001, 7383, 26576.0, 4300, 2800, 113),
(2099.397662999996, 7384, 48740.0, 4300, 2800, 114),
(2099.5175679999957, 7386, 22665.0, 4300, 2800, 116),
(2099.578793000008, 7387, 26575.0, 4300, 2800, 117),
(2099.6412899999996, 7388, 26574.0, 4300, 2800, 118),
(2099.7012879999966, 7389, 26574.0, 4300, 2800, 119),
(2099.7645290000073, 7390, 26574.0, 4300, 2800, 120),
(2099.8248650000023, 7391, 28842.0, 4300, 2800, 121),
(2099.885863000003, 7392, 52617.0, 4300, 2800, 122),
(2099.9455330000055, 7393, 28842.0, 4300, 2800, 123),
(2100.0053449999978, 7394, 52617.0, 4300, 2800, 124),
(2100.0720900000015, 7395, 52617.0, 4300, 2800, 125),
(2100.1432970000023, 7396, 28842.0, 4300, 2800, 126),
(2100.2074859999993, 7397, 26575.0, 4300, 2800, 127),
(2100.271497000009, 7398, 22696.0, 4300, 2800, 128),
(2100.3791060000076, 7400, 22683.0, 4300, 2800, 130),
(2100.443413000001, 7401, 26574.0, 4300, 2800, 131),
(2100.508658000006, 7402, 26573.0, 4300, 2800, 132),
(2100.567261000004, 7403, 26573.0, 4300, 2800, 133),
(2100.6299969999964, 7404, 26573.0, 4300, 2800, 134),
(2100.6890589999966, 7405, 28840.0, 4300, 2800, 135),
(2100.7934890000033, 7407, 28840.0, 4300, 2800, 137),
(2100.868803000005, 7408, 22679.0, 4300, 2800, 138),
(2100.9369390000065, 7409, 26905.0, 4300, 2800, 139),
(2100.998403000005, 7410, 28842.0, 4300, 2800, 140),
(2101.065794000009, 7411, 26905.0, 4300, 2800, 141),
(2101.133117999998, 7412, 26905.0, 4300, 2800, 142),
(2101.1967700000096, 7413, 28842.0, 4300, 2800, 143),
(2101.2623989999993, 7414, 26326.0, 4300, 2800, 144),
(2101.324934999997, 7415, 28842.0, 4300, 2800, 145),
(2101.38624800001, 7416, 26326.0, 4300, 2800, 146),
(2101.4560009999987, 7417, 26326.0, 4300, 2800, 147),
(2101.5221100000053, 7418, 28841.0, 4300, 2800, 148),
(2101.624628000005, 7420, 28841.0, 4300, 2800, 150),
(2101.686685000008, 7421, 26968.0, 4300, 2800, 151),
(2101.7485330000054, 7422, 26967.0, 4300, 2800, 152),
(2101.862816000008, 7424, 48722.0, 4300, 2800, 114),
(2101.975554000004, 7426, 22683.0, 4300, 2800, 116),
(2102.0434070000047, 7427, 26575.0, 4300, 2800, 117),
(2102.0983269999997, 7428, 26574.0, 4300, 2800, 118),
(2102.153688999999, 7429, 26574.0, 4300, 2800, 119),
(2102.259042000005, 7431, 28842.0, 4300, 2800, 121),
(2102.321836999996, 7432, 52617.0, 4300, 2800, 122),
(2102.392921999999, 7433, 28842.0, 4300, 2800, 123),
(2102.4577569999965, 7434, 52617.0, 4300, 2800, 124),
(2102.5171839999966, 7435, 52617.0, 4300, 2800, 125),
(2102.5814660000033, 7436, 28842.0, 4300, 2800, 126),
(2102.6430059999984, 7437, 26575.0, 4300, 2800, 127),
(2102.7046110000083, 7438, 22678.0, 4300, 2800, 128),
(2102.8195689999993, 7440, 22665.0, 4300, 2800, 130),
(2102.881886999996, 7441, 26574.0, 4300, 2800, 131),
(2102.9409830000077, 7442, 26573.0, 4300, 2800, 132),
(2103.0023060000094, 7443, 26573.0, 4300, 2800, 133),
(2103.066464000003, 7444, 26573.0, 4300, 2800, 134),
(2103.1338680000044, 7445, 28840.0, 4300, 2800, 135),
(2103.2501429999975, 7447, 28840.0, 4300, 2800, 137),
(2103.3070949999965, 7448, 22661.0, 4300, 2800, 138),
(2103.3774240000057, 7449, 26905.0, 4300, 2800, 139),
(2103.446364999996, 7450, 28842.0, 4300, 2800, 140),
(2103.513281000007, 7451, 26905.0, 4300, 2800, 141),
(2103.5753419999965, 7452, 26905.0, 4300, 2800, 142),
(2103.639439999999, 7453, 28842.0, 4300, 2800, 143),
(2103.7066420000046, 7454, 26326.0, 4300, 2800, 144),
(2103.7712699999975, 7455, 28842.0, 4300, 2800, 145),
(2103.8342320000083, 7456, 26326.0, 4300, 2800, 146),
(2103.9064190000063, 7457, 26326.0, 4300, 2800, 147),
(2103.969326999999, 7458, 28841.0, 4300, 2800, 148),
(2104.084069000004, 7460, 28841.0, 4300, 2800, 150),
(2104.147680000009, 7461, 26968.0, 4300, 2800, 151),
(2104.213606999998, 7462, 26967.0, 4300, 2800, 152),
(2104.2732990000077, 7463, 26576.0, 4300, 2800, 113),
(2104.3412110000063, 7464, 48740.0, 4300, 2800, 114),
(2104.456231999997, 7466, 22665.0, 4300, 2800, 116),
(2104.5220980000013, 7467, 26575.0, 4300, 2800, 117),
(2104.5858850000077, 7468, 26574.0, 4300, 2800, 118),
(2104.6457530000043, 7469, 26574.0, 4300, 2800, 119),
(2104.762275000001, 7471, 28842.0, 4300, 2800, 121),
(2104.8334529999993, 7472, 52617.0, 4300, 2800, 122),
(2104.900284999996, 7473, 28842.0, 4300, 2800, 123),
(2104.970386000001, 7474, 52617.0, 4300, 2800, 124),
(2105.03559900001, 7475, 52617.0, 4300, 2800, 125),
(2105.100894999996, 7476, 28842.0, 4300, 2800, 126),
(2105.1586430000025, 7477, 26575.0, 4300, 2800, 127),
(2105.2200109999976, 7478, 22696.0, 4300, 2800, 128),
(2105.334117999999, 7480, 22683.0, 4300, 2800, 130),
(2105.404573000007, 7481, 26574.0, 4300, 2800, 131),
(2105.4737319999986, 7482, 26573.0, 4300, 2800, 132),
(2105.535560000004, 7483, 26573.0, 4300, 2800, 133),
(2105.6008560000046, 7484, 26573.0, 4300, 2800, 134),
(2105.664862000005, 7485, 28840.0, 4300, 2800, 135),
(2105.777998000005, 7487, 28840.0, 4300, 2800, 137),
(2105.8435850000096, 7488, 22679.0, 4300, 2800, 138),
(2105.9059419999976, 7489, 26905.0, 4300, 2800, 139),
(2105.971598999997, 7490, 28842.0, 4300, 2800, 140),
(2106.034096000003, 7491, 26905.0, 4300, 2800, 141),
(2106.0934879999986, 7492, 26905.0, 4300, 2800, 142),
(2106.153508000003, 7493, 28842.0, 4300, 2800, 143),
(2106.217822999999, 7494, 26326.0, 4300, 2800, 144),
(2106.2866639999993, 7495, 28842.0, 4300, 2800, 145),
(2106.354355999996, 7496, 26326.0, 4300, 2800, 146),
(2106.423754999996, 7497, 26326.0, 4300, 2800, 147),
(2106.4942299999966, 7498, 28841.0, 4300, 2800, 148),
(2106.601296000008, 7500, 28841.0, 4300, 2800, 150),
(2106.6633220000076, 7501, 26968.0, 4300, 2800, 151),
(2106.7243120000057, 7502, 26967.0, 4300, 2800, 152),
(2106.8409910000046, 7504, 26574.0, 4300, 2900, 113),
(2106.956422000003, 7506, 26574.0, 4300, 2900, 115),
(2107.0688910000026, 7508, 26574.0, 4300, 2900, 117),
(2107.2704000000085, 7512, 26573.0, 4300, 2900, 121),
(2107.383461000005, 7514, 48704.0, 4300, 2900, 123),
(2107.492855000004, 7516, 26573.0, 4300, 2900, 125),
(2107.597477000003, 7518, 26573.0, 4300, 2900, 127),
(2107.7061280000053, 7520, 26573.0, 4300, 2900, 129),
(2107.8153170000005, 7522, 26573.0, 4300, 2900, 131),
(2108.2002150000044, 7530, 22741.0, 4300, 2900, 139),
(2108.733432000008, 7541, 23716.0, 4300, 2900, 150),
(2108.8970839999965, 7544, 26574.0, 4300, 2900, 113),
(2109.0045459999965, 7546, 26574.0, 4300, 2900, 115),
(2109.1155670000007, 7548, 26574.0, 4300, 2900, 117),
(2109.3279140000086, 7552, 26573.0, 4300, 2900, 121),
(2109.45266000001, 7554, 48722.0, 4300, 2900, 123),
(2109.567624000003, 7556, 26573.0, 4300, 2900, 125),
(2109.678700000004, 7558, 26573.0, 4300, 2900, 127),
(2109.7953839999973, 7560, 26573.0, 4300, 2900, 129),
(2109.907500000001, 7562, 26573.0, 4300, 2900, 131),
(2110.2930970000016, 7570, 22723.0, 4300, 2900, 139),
(2110.8163449999993, 7581, 23716.0, 4300, 2900, 150),
(2110.9723159999994, 7584, 26574.0, 4300, 2900, 113),
(2111.0789369999984, 7586, 26574.0, 4300, 2900, 115),
(2111.183182000008, 7588, 26574.0, 4300, 2900, 117),
(2111.395874000009, 7592, 26573.0, 4300, 2900, 121),
(2111.502118000004, 7594, 48704.0, 4300, 2900, 123),
(2111.6114249999955, 7596, 26573.0, 4300, 2900, 125),
(2111.7229519999964, 7598, 26573.0, 4300, 2900, 127),
(2111.83511, 7600, 26573.0, 4300, 2900, 129),
(2111.9442039999994, 7602, 26573.0, 4300, 2900, 131),
(2112.2957659999956, 7610, 22741.0, 4300, 2900, 139),
(2112.8157470000006, 7621, 23716.0, 4300, 2900, 150),
(2113.024376000001, 7625, 26574.0, 4300, 3000, 113),
(2113.1330670000025, 7627, 26574.0, 4300, 3000, 115),
(2113.7149999999965, 7639, 26573.0, 4300, 3000, 127),
(2113.842021999997, 7641, 26573.0, 4300, 3000, 129),
(2114.959369999997, 7665, 26574.0, 4300, 3000, 113),
(2115.070817, 7667, 26574.0, 4300, 3000, 115),
(2115.622608999998, 7679, 26573.0, 4300, 3000, 127),
(2115.7307160000055, 7681, 26573.0, 4300, 3000, 129),
(2116.8420770000084, 7705, 26574.0, 4300, 3000, 113),
(2116.954251000003, 7707, 26574.0, 4300, 3000, 115),
(2117.5157130000007, 7719, 26573.0, 4300, 3000, 127),
(2117.6290549999976, 7721, 26573.0, 4300, 3000, 129),
